0.008849788677999904
0.009070818016000182
0.008179189185999913
0.009106810115999675
0.009288336215000026
0.011393394092000797
0.010484188434999098
0.009690141766999893
0.010764111885000371
0.008371283361999549
0.010419851501000554
0.011566000076000282
0.010886053031998522
0.011318990222000114
0.011803160475000407
0.012486504703999923
0.011160472157999646
0.011738745708999687
0.00856817269100052
0.010956948811998934
0.011012490081000248
0.011784048260000457
0.00905071117499956
0.009404560277000762
0.01003613338499898
0.01193011647700093
0.011566900075000497
0.012017573787999503
0.011682930441000217
0.013250481859000018
0.013756442658999113
0.01096249339500055
0.013278340878999817
0.008111167851999834
0.010717553190000562
0.010158779281999042
0.010579075653000203
0.00922926749800057
0.00940329992500022
0.0097429108860001
0.010686810054000073
0.011003723727000203
0.011424901882000071
0.014528711541000217
0.011866354608999874
0.01171190449800008
0.013049382746000315
0.011109670865000254
0.010586101003999815
0.010202887889000145
0.01074501131800032
0.010571519471000101
0.009949572725998834
0.008360203900999785
0.009282105008000752
0.009693571828999659
0.010716420204999633
0.011379103329000273
0.01246298260900014
0.01383600593199974
0.013326507336000049
0.01129409120200009
0.010727447868000173
0.010620869549999856
0.009436992076000461
0.010890498340000221
0.010866611279999105
0.010052205063000752
0.010628074728999959
0.011532456402999713
0.013200102238000166
0.011780191114999727
0.012192124759000222
0.012595166184999673
0.012059876595000407
0.01048226691800025
0.011539283186999594
0.010478477498000238
0.011539497080999439
0.010915034392000145
0.014429978198999827
0.009682896288000453
0.008770671183000012
0.0119204520980003
0.009449903501999923
0.010255403527999363
0.010066406158000252
0.010352263281000251
0.010816932087999831
0.010160899239999743
0.011875646160000475
0.01219639452299992
0.012980034446000266
0.012769705628999928
0.011017375135000007
0.011565342771000076
0.012446214615999818
0.014228848372999758
0.010671622231000155
0.010336869581000219
0.010911475866000053
0.010931554443999847
0.009648411254999933
0.009411761595999879
0.010844828726000122
0.010820754503999774
0.011977522973000143
0.012286390664000058
0.01355807784899965
0.012071855217000271
0.009264240591999817
0.012098684453000219
0.011851837879999438
0.010166586904000185
0.010365654860000184
0.010582320013999835
0.010104837659000276
0.010186013440999897
0.010723249584999817
0.012744852936000362
0.011360281059999755
0.013665106562000151
0.018538663708999925
0.011820450005000094
0.008446983447999656
0.012841870634000108
0.012566641528000133
0.010768580475000178
0.010749732829999692
0.011990469489000066
0.011058135952000336
0.010927856999000118
0.01294260427299987
0.012754341917999845
0.015086359302999952
0.012092331515999089
0.012184815128000182
0.011526583426999748
0.010164429508000783
0.010991933134999687
0.011081086263999618
0.009687190949000168
0.009379492090999975
0.010916168822999728
0.00919799249800013
0.011898228823000512
0.01227312444799944
0.013802480790000349
0.013400240765999882
0.011433964932000329
0.012638862890999691
0.01027617805500003
0.010109738062000106
0.010400040210000405
0.01098858389399937
0.010312746090000324
0.012026522502999848
0.012253492358000218
0.01507971042499956
0.014143524007000252
0.014035445498000287
0.011925713415000372
0.010889149575999513
0.011090953432000061
0.010767601717000419
0.009457864170999697
0.008623267143000213
0.012851932573999747
0.012697547191000025
0.010800412840999973
0.010669401054000272
0.01231707251699965
0.01340998459600029
0.013640300085000057
0.013551460487999822
0.01065418532199991
0.011727611640000024
0.009692077542000188
0.009846890013999854
0.009964102194000124
0.00826332679999997
0.010483181008000053
0.01208190071799975
0.011432833236000084
0.013314046058999995
0.011958288106000081
0.015679115939000066
0.012184020892000214
0.014710325521999912
0.011696574401000026
0.009299048719999758
0.009902371993000147
0.011156041847000142
0.01149557079300001
0.011692810042999935
0.012266536373999881
0.012229241736999907
0.01652004652700023
0.010746714243999866
0.012694280160999938
0.013227259536000013
0.011529488126000076
0.012090443570999976
0.00969742547800001
0.010261840591999971
0.01006464597399992
0.009323724460000071
0.011373024105000074
0.009191176352000063
0.013853069685999864
0.011839977464999984
0.012055108849000074
0.014722937152999993
0.014746710679000019
0.01240769356200011
0.013207598755999972
0.011228751340999987
0.011931431281000049
0.012098810001999971
0.013186629078999923
0.01001608903000012
0.011498319186000028
0.012738811269999928
0.011274521513000069
0.013031124394999871
0.013327939686000101
0.016521778103999907
0.011587678893000053
0.010454153457999937
0.01168323409000005
0.01416156904099991
0.012571850738000045
0.016618809900999953
0.012396069380000041
0.01061382600399996
0.012824119394000022
0.013271667009000065
0.015552587063999979
0.01493426048900004
0.018499413024999994
0.01714089175199998
0.015152001035999979
0.01256957691299998
0.014155974200000032
0.017144991595999998
0.01222840803200001
0.012915371850999974
0.014564205505999989
0.01506995872200001
0.017920927295999978
