0.15 0.15 0.15 
0.14955751056609998 0.14999709845999998 0.14255585750000005 
0.14910396966529998 0.1499943982 0.1425396584600001 
0.14869501020599998 0.149981675716 0.14247223795799988 
0.14823966970019997 0.149955391398 0.14246637183799987 
0.14777525288944998 0.14995273923799995 0.13495289683799994 
0.14720558318484997 0.14991990953199996 0.13493622778299996 
0.14668137376309998 0.14991733248199993 0.13491155234299998 
0.14619686667475 0.14991465886199995 0.13489594205899996 
0.1456586610805 0.149911539762 0.134872815329 
0.1452400969124 0.14986346134100004 0.13486679049699998 
0.14471910433735 0.14986010596600002 0.13483767293999996 
0.14414080433355 0.14985695374100003 0.13478438084399993 
0.14359650168195 0.14979483432100002 0.13473273994399995 
0.14303055217085003 0.14973436516100003 0.13468798942399995 
0.14244039414710002 0.14972439512200003 0.13466245159999995 
0.14181606891190002 0.14965524227000002 0.13420073465499993 
0.14125804530400005 0.1495118501700001 0.13371934508299996 
0.14067110801855004 0.14945803437000013 0.13368181692799994 
0.14024269938400002 0.14940724656800017 0.12619305192799984 
0.13969485194340003 0.1493807656720002 0.12617503307799985 
0.13914422743935004 0.1493625379200002 0.12616929559199988 
0.13855502502635003 0.14934370849800022 0.12616397288199988 
0.13810248946760004 0.1493277603120002 0.1261577045359999 
0.13763226145375004 0.14930411487200024 0.12614021560599992 
0.13713045478450003 0.14928677419600023 0.12611182661599996 
0.13653394896065005 0.1492231000960002 0.126106400212 
0.13595560395690004 0.14840345542000022 0.126052373356 
0.13535472526750003 0.14742299132000022 0.12599554692400003 
0.13477057874545 0.14740694001600022 0.125967197356 
0.13410805465250003 0.14739064079000022 0.125921361976 
0.13342023251955004 0.14328330298100025 0.1253527220850003 
0.13287210784980005 0.14327414227000027 0.12533774326800026 
0.13220819080585006 0.14119787828500024 0.12360972642300007 
0.13180263241325005 0.1404217959990002 0.1200278887110004 
0.13126675475375005 0.1404187915990002 0.12001845879900042 
0.13075881578965004 0.14041613573900022 0.12001186154700041 
0.13022986200700004 0.13970377955900035 0.1199822060430004 
0.12976839863210005 0.13968603887500033 0.1199575092930004 
0.12929823363585002 0.13966063957900038 0.11830258189099997 
0.12881108809155 0.13961529835400038 0.11829924439099998 
0.12827674758885002 0.13960017291800036 0.11828760079899996 
0.12772656140250002 0.13914020251800036 0.11826263155899994 
0.1271553163084 0.13912310248200035 0.11821741941899992 
0.12642888073135 0.1356065469120004 0.11819943365699993 
0.12583556300089999 0.13470777098400039 0.11770835200699993 
0.12524996777599998 0.13470475985900038 0.11763233396199993 
0.12459749863869997 0.13230456899200013 0.11752581205800024 
0.12404201509544997 0.1322717392860001 0.11750834213800024 
0.12351271004524997 0.1314665247280001 0.11698912507400024 
0.12300256565079998 0.1314638455580001 0.115190007929 
0.12246531508489997 0.1314611101480001 0.11518545402899998 
0.12193673911134997 0.13130156522800046 0.11516580799499998 
0.12143926047504998 0.13128579914400046 0.11515910124499999 
0.12102125027999998 0.13126908744600044 0.11082341973500048 
0.12055714502959998 0.13124595784600046 0.11001953070599997 
0.12007246643814999 0.13122955111400045 0.11001590707099997 
0.11953664542789999 0.1311803227640004 0.10998966033499999 
0.11896769026145 0.13116301868600042 0.109939683355 
0.118344541131 0.13114598008200043 0.109870088415 
0.1176527408344 0.12571023412400045 0.109855567935 
0.1169864154676 0.12517906801500037 0.10983846271899998 
0.11642171090749999 0.12434647441800034 0.10977586128899999 
0.11588533851409999 0.12434367795800032 0.10744624942500001 
0.11535429503659998 0.12434066467800031 0.10214318796099997 
0.11488244543279998 0.1236228019270004 0.10213968565699996 
0.11433792051579998 0.12359978215100038 0.10212732661699996 
0.11379458995179999 0.12358222576300036 0.10211737332299996 
0.11329197969864999 0.12356490852100034 0.10211444477799995 
0.11276057596219997 0.12354668076900036 0.10210435680199995 
0.11218395314204999 0.12349811419400036 0.10208005534399996 
0.11152394803014998 0.1198520479240003 0.10206447614399998 
0.11093493847439997 0.11943894404400028 0.10201606052399996 
0.11032533223644998 0.11863589038400028 0.10194409346399995 
0.10969557392719999 0.11856509706400027 0.10192769682399996 
0.10909258009744999 0.11856205381400027 0.10186478025899996 
0.10856846675154999 0.11778030789400026 0.10185427025299996 
0.10799150259219999 0.11660128832400024 0.10179645982799997 
0.10746757871729999 0.1161882742020004 0.10178534769199997 
0.10689060386324999 0.11617158444400039 0.10178136245999997 
0.10634485214364998 0.11574525839000042 0.10134022718900018 
0.10562335323369998 0.11300945189700026 0.09848491404800043 
0.10513920841929997 0.11300660289700025 0.09430960450399997 
0.10470067486014997 0.11217304274700027 0.09430597531999997 
0.10410465225524998 0.11217033508700028 0.09430236428599997 
0.10363215708014999 0.11137859005300027 0.09429899652599995 
0.10311938690374998 0.1105772636330003 0.09429545632399997 
0.10261606659584999 0.1101927836490003 0.09428389924399995 
0.10209845343179999 0.1094133480550003 0.09427278849199995 
0.10155760682739998 0.10926713530000044 0.09426253617199996 
0.10104956186539998 0.10926399200000045 0.09423896701599994 
0.10045577955739997 0.10925543309700046 0.09419489224599994 
0.09984595983124997 0.1080553392040003 0.09417864761399994 
0.09919695810894996 0.10803883593600029 0.09344024027800032 
0.09855847282749997 0.10462072967000033 0.09295084517000021 
0.09800760407074997 0.10415458435800033 0.09293654676900019 
0.09742933693219996 0.10415200989800032 0.09291844627400019 
0.09680702620139997 0.10294363848200033 0.09112730281000032 
0.09609558378274997 0.10294103960200032 0.08745897239399998 
0.09556200267119996 0.10255352383200031 0.08745573729399998 
0.09504515919214997 0.1021700415600003 0.087452397644 
0.09449958539884996 0.10137280349600028 0.08744916976899998 
0.09395300767664998 0.10074074420600028 0.08744588834399998 
0.09347058711389998 0.10071795073400026 0.085232582194 
0.09299999903409997 0.10070025831800028 0.08522901818900001 
0.09245775759779998 0.10068471163400029 0.08521810950100002 
0.09191671987259999 0.1006685440480003 0.08521485263700002 
0.09131784372394998 0.10065282623200031 0.08521161906900002 
0.09070352419074998 0.10063797285200032 0.085208360957 
0.09002562029829998 0.0966476697390003 0.08473307732100009 
0.08942202753744999 0.09664472268900032 0.07773995169700006 
0.08895881550785 0.09587035148300031 0.07773670814500006 
0.08835388128519998 0.09472924993100033 0.07773329099000005 
0.08776128939119998 0.09389551901900033 0.07772986404500004 
0.08725296004599999 0.09389279174900032 0.07772612392900002 
0.08673467730299998 0.09352889972900032 0.077713448369 
0.08620556130229999 0.09296055411200034 0.07769366289800002 
0.08570031941934998 0.09294448745000032 0.07768257688800002 
0.08519101874729999 0.09292853268200033 0.07767253735200005 
0.08465485626804999 0.09288079493200034 0.07766915935700006 
0.08401761362124997 0.09195678913200028 0.07764727094700007 
0.08344959956824997 0.09194151450400032 0.07759907068700009 
0.08276634424014999 0.09192528987400031 0.07718781345500009 
0.0818394110547 0.0885595642740002 0.07717119425500008 
0.08124838855444999 0.0885568025940002 0.06969009675500003 
0.08082603938204999 0.08767358645200021 0.06968667349100001 
0.08018394585034998 0.08606470408400026 0.069683139347 
0.07955561377394998 0.08564276588000026 0.06967972664200002 
0.07901718475019998 0.08564022583000026 0.06967593946000003 
0.07847969810869998 0.08521025905000026 0.06966335246000004 
0.07788017463424998 0.08447585273800028 0.06965957218500003 
0.07732726783664998 0.08401846268500024 0.06964900843700003 
0.07678087498669997 0.08400166980900023 0.06963878621300003 
0.07613374477304997 0.08398702047100023 0.06963574650100003 
0.07549602767714997 0.08397069711100025 0.06963254246900001 
0.07474170971199999 0.08173815281000028 0.06962940877900002 
0.07413709313620002 0.08173523462000029 0.06807069318800023 
0.07352785237980002 0.07837893498800029 0.06806760258800022 
0.07295152320845001 0.0783759568580003 0.0666998393179995 
0.07244330173305001 0.0779201094090003 0.06497158254000018 
0.07189370507630001 0.07707942928500028 0.06496426108500018 
0.07133965076310002 0.07631341386200022 0.06495460401300021 
0.07085529121565001 0.0762937312550002 0.062080665622000035 
0.07038631661110002 0.07627780281500023 0.06207711185200004 
0.06984050816995002 0.07626152772300024 0.06207391239600003 
0.06938060854505003 0.07624490159100022 0.06108894733300049 
0.06878569710390002 0.07618143809100023 0.061083435981000495 
0.06817204088150002 0.07616650792100024 0.061078049887000496 
0.06748191684200001 0.07615027232100026 0.06107212463900049 
0.06681190480370001 0.0734826026970002 0.06106160815900049 
0.06624020655710001 0.0731022415570002 0.057634928040000234 
0.06560826341255002 0.0730259826130002 0.05763156911200023 
0.06509445450980002 0.0710695652270002 0.05762417528200022 
0.0645889676067 0.06995269271700023 0.05761910918200023 
0.06406896559620001 0.06905261971100031 0.05760931191800023 
0.06351953640150002 0.06904253813000033 0.057605832762000236 
0.06300389909700001 0.06864499149900027 0.05758848260000023 
0.062402572971850014 0.06862751848300028 0.057584666526000236 
0.06178989835395001 0.06861013542100027 0.057580964622000234 
0.06103591283270001 0.06858741516500028 0.05757422113000022 
0.06032873663235001 0.06564297067100025 0.05755038865000022 
0.05962696435745 0.0640648241590002 0.057054819477000314 
0.05903067868669999 0.06406232332900019 0.05288243114800024 
0.058486221207899994 0.0636618008690002 0.05247546971799943 
0.057931673536299993 0.0632645544290002 0.05061938691000021 
0.05739329345044999 0.06243884335100017 0.0506118994750002 
0.05692040024189999 0.06204423542100017 0.05042176140700001 
0.056489236884749994 0.061258465513000154 0.050219329356000555 
0.05584664025604999 0.06100479058300025 0.05021303222400055 
0.0552117628965 0.06098708939100025 0.050187594474000556 
0.05467174225445 0.060971440247000255 0.05017729595900055 
0.05413827220174999 0.06095512127500025 0.05017047445500055 
0.053522418575899997 0.06093858948500025 0.04995154069000001 
0.05285191934609999 0.06010103868500024 0.04938327894 
0.05216990434184999 0.057128419649000124 0.04755993795799993 
0.051492331317449985 0.05668971793700012 0.04752811395799994 
0.05095962205134999 0.05550735290900015 0.04751302689299994 
0.05037324146934999 0.055504494659000154 0.04517827211500021 
0.049888637592249985 0.05516368292900015 0.0432404900050002 
0.04939629309154999 0.054390512104000165 0.0432355233550002 
0.04889808798184999 0.053958308094000165 0.04128832525300003 
0.04848492164184998 0.052730215022000156 0.04128522230900004 
0.04796076259144998 0.05250643811499927 0.04128170191400003 
0.04735666755554999 0.052420776179000136 0.04127096729400003 
0.04678502589374999 0.05240554104300013 0.041260412910000044 
0.04611932359079999 0.051983736699000124 0.041237098608000046 
0.04552140918549999 0.051966000403000125 0.041185519888000045 
0.04473745338854999 0.04987954352600017 0.04116975556800004 
0.044128252343949986 0.0479001363250002 0.04109083475300005 
0.04339273606784998 0.047897093445000205 0.03718154677300021 
0.04280790734779998 0.0475149501730002 0.0371785054730002 
0.042342954911799985 0.04593821007500018 0.0370639973210002 
0.04184783631214998 0.04494659121899935 0.0370564326860002 
0.04129003421979998 0.04451937170899936 0.03636004073799941 
0.04071525568014998 0.04430142521200012 0.03635147860199941 
0.040130615177999984 0.044252511828000114 0.03501228094500087 
0.03951728835929998 0.04419470212800012 0.035009563152000864 
0.038905826272449984 0.04417870567400012 0.03500004387200086 
0.03807982394609998 0.04230163332599975 0.03499689104700086 
0.03754248823389999 0.04229849516999975 0.03499388240200085 
0.03690777422584999 0.03966249709600031 0.03474370656600058 
0.03624641124904999 0.03929174207400017 0.03211337209600027 
0.03566993684274999 0.039257911966000175 0.030738543968000145 
0.03506541466419998 0.03925530346600017 0.029212425243000145 
0.034580543390299985 0.03842819351600018 0.029193459533000145 
0.03406745136069999 0.03767796057200016 0.029177496193000148 
0.03356421906199999 0.03732338774200017 0.029009550514999427 
0.03309803283899999 0.03698737699499935 0.027276084181000033 
0.032529381633749986 0.0364279853830001 0.02727310354100003 
0.032069822816149986 0.036412368491000095 0.027269868391000027 
0.03137716933184999 0.03638612388300009 0.02726681619900002 
0.030785170458599985 0.03507438248300012 0.027263809351000028 
0.03018241501614998 0.03462787179999972 0.027260849095000025 
0.02944626815849998 0.0342953689630001 0.02697801638400027 
0.02870893262454998 0.03231664811200016 0.026515899371999885 
0.02808854794644998 0.029865223816999714 0.026216610351000296 
0.02742816800864998 0.02982864353499972 0.02114648773600013 
0.026866730441599977 0.029820622454999716 0.021143431986000133 
0.02627015887754998 0.029810428523999715 0.021140309936000135 
0.025665218377449978 0.028773338462999353 0.021137253761000136 
0.02500588692349998 0.028163353195999812 0.021133831236000135 
0.024505082471999978 0.027783598707999818 0.01892044051800002 
0.023930166512699975 0.027436087626999818 0.01891713060800002 
0.023293225949199976 0.027218261525000044 0.018913919920000015 
0.022729499873549976 0.026578419049000046 0.01891116641600001 
0.02207794365379998 0.026553821801000046 0.01766778712399917 
0.021411546669499976 0.025379461041000036 0.01766432615599917 
0.02058545776429998 0.02378507735100016 0.017645216157999168 
0.02000607381964998 0.023401633231000165 0.01376355007100024 
0.01948336614674998 0.021439930701000174 0.013758547671000243 
0.01889920444224998 0.02131840811800028 0.01375531549500024 
0.01819112599019998 0.02131540761800028 0.012497951600000059 
0.01756253345329998 0.02035147566800028 0.01249240819000006 
0.016731592958249983 0.019345475591000173 0.01248530184000006 
0.016111789489249982 0.01894683120000017 0.009864994942999989 
0.015581098189049982 0.01815135147700017 0.009861803847999989 
0.01493989221934998 0.017915875031999744 0.009858982951999986 
0.01427630886889998 0.017912870057999748 0.009855721095999989 
0.013498679515699979 0.01761440001800004 0.00985299754399999 
0.012751966491249978 0.016183630249000172 0.009849420993999993 
0.01182699583999998 0.014662696843000141 0.007437005687999889 
0.01096995125239998 0.013476801717000145 0.005820785205000164 
0.010212351200599979 0.012220686116999441 0.005810667939000163 
0.00958387235494998 0.011788695236999694 0.004531896116999443 
0.00887607364494998 0.011075386850999692 0.004149864403999373 
0.00801882406514998 0.010457222740000067 0.0028030319820002555 
0.00740740366354998 0.010095915539000803 0.0022987055819999923 
0.00676163507099998 0.009638314563000072 0.002295141131999992 
0.00603342479569998 0.008634292912999154 0.002274078451999828 
0.0052799268595999805 0.008279854261999741 0.0009037677710000728 
0.00438388049479998 0.007274945750999154 0.0008974072450000729 
