0.00841099039100035
0.00918648877399919
0.009005385726000181
0.009436300268000242
0.009240807459999445
0.008402057486999848
0.009327566167000256
0.009838926097999856
0.010574447653000085
0.01049636278200028
0.010284040461000288
0.01078751333700012
0.011294632859999432
0.009574681788999673
0.00983974255400133
0.010939228881999608
0.010915151709999016
0.010893608845000458
0.010599688993999656
0.011455932334000885
0.011595625019999112
0.011875489914999537
0.010661572630001004
0.0116515828799999
0.01115499053299951
0.011702956104999718
0.01203321056099993
0.010772816457000012
0.010256684771001279
0.011503116239998779
0.01105421631499981
0.01091859995600064
0.011193599760000339
0.011185922947000382
0.012763689718998883
0.012240979704000399
0.012251139661000554
0.013315022857999459
0.011796119916999803
0.013354214376001483
0.013215793767999529
0.014125108911998918
0.012655586808999697
0.012037394406000157
0.012869449278000378
0.012342266017999481
0.012432232128000376
0.012370879456999884
0.012909421618999772
0.013469654339999693
0.01285880211400059
0.013445940144999557
0.01173061211299986
0.012749587065000068
0.012437613558000216
0.012890099893999807
0.013511849390000386
0.014021816987000335
0.014205393283999612
0.013473889235999792
0.012627389601999717
0.012589110926000568
0.013355573255000142
0.012601342863999943
0.01219578145399991
0.012865042022000228
0.012274110114000258
0.013259700737999758
0.013687231508999975
0.013595868990999627
0.012184900531000409
0.01142059220300018
0.013336201791999791
0.012048794248000316
0.013106148530000361
0.013021298258999447
0.012365014956000842
0.012643882270999107
0.013133292686000164
0.012341228477999788
0.011789350128999843
0.012618973303000214
0.011398859877000067
0.01290712118699977
0.011880845125999961
0.01237147789299975
0.013062833338999269
0.012982937913000425
0.012933566997999524
0.012491341893000607
0.014141740681999915
0.013934254404999846
0.012622510399999953
0.01203355056199995
0.011882659013000119
0.012502058017000106
0.011126788495999573
0.011971928192000103
0.01206440327300018
0.012343298092999833
0.012810884781999876
0.011059210408000064
0.012834493306000061
0.013664320668000052
0.011892237680999784
0.01280290931800021
0.012542577607999705
0.01157727704100009
0.012462237475999949
0.011978152571999967
0.012742558825000083
0.011266478179000172
0.012547586843999703
0.013586507582000529
0.012678376057999818
0.012906342286999939
0.012841284724999902
0.013005937421000091
0.01251446795400013
0.01313457051000011
0.01428104812200015
0.012187774589
0.012678929955999951
0.011796130717999898
0.012963655487000292
0.013031821980999725
0.011621213810000475
0.013554367947999912
0.013261702678999843
0.012647895730000247
0.01197192556399962
0.012927836434000417
0.011846864454999606
0.011739284361000024
0.011383466844000045
0.01134106719200001
0.011349771609999948
0.01145683315599988
0.012092661658999582
0.012621617788000306
0.013332241834999703
0.013343887713999969
0.015285119802000313
0.012538999286999974
0.015746245691999894
0.0145710053639998
0.011840759243999965
0.01165686337299987
0.011955315842999914
0.011720807062000294
0.011665981957999616
0.013355988881000203
0.01347168978899993
0.013047969961999861
0.011659517378000084
0.012364574659000205
0.014160391456999877
0.013672674946999974
0.01244608074199971
0.012451796183000186
0.01259601277000022
0.011822299289000027
0.010444125635999946
0.01203437248699979
0.012934771303000137
0.012330429390000064
0.013414316832999984
0.012617226841000084
0.012761726718999888
0.012215438260000044
0.012775435687999881
0.012640978945999914
0.0121671016510001
0.014842202359000023
0.01476381417299999
0.013074390936000269
0.010013628999999913
0.011639200988999843
0.01184769870700031
0.011659089139000156
0.012362872621999865
0.011996462776999839
0.011233231453000148
0.01425671428099995
0.01224495020399996
0.012895485382000138
0.017282337068999842
0.013925844944000065
0.014511513327999936
0.013165605273000147
0.011082905840000046
0.011736023224999892
0.012155558388000087
0.012557085580999994
0.013277512901999966
0.012508386076000022
0.012072122977999866
0.015194121742000077
0.014335833292000055
0.013845557622000015
0.014289166112999907
0.013886316210000138
0.013740452841999873
0.013776640942999963
0.011306662272000056
0.014424988077999912
0.01410977150199999
0.013109036637000027
0.012321294972000019
0.013047031751000027
0.013984380949000064
0.015778598235999974
0.014001153495999952
0.017652885576999955
0.011957350491000107
0.015013884691000068
0.012673129107999892
0.013580477311999961
0.011947261341000048
0.010273922132000013
0.01371725556399997
0.015898288259999976
0.014186989801000027
0.01259200758799997
0.014824034707
0.017879221963999936
0.013905667129000043
