0.15 0.15 0.15 
0.14957945048045 0.14999718393 0.14261804999999972 
0.14912012604174998 0.14999429237999995 0.14228358132199984 
0.14866985675545 0.14999183261999993 0.14227411828199982 
0.14819804174204998 0.14998914197999996 0.14225897796199985 
0.14773600136905 0.14998618382999998 0.13513071659800022 
0.1473158984947 0.14995099418600003 0.1351252589280002 
0.14684952018635 0.14994843267600003 0.13466531035999985 
0.14635757388145001 0.14994558589600004 0.13464984139999986 
0.14582885149879998 0.14991160894000008 0.13463292566599985 
0.1453040333597 0.1499090304100001 0.13460147793799984 
0.14478983133664997 0.14990634939000008 0.13426361910399995 
0.1442504556698 0.14987404741900012 0.13425863555399997 
0.1436857240268 0.1497156250000001 0.12783539864499968 
0.14320698993734998 0.1497122556000001 0.1278292469989997 
0.14271500280964997 0.14968172785000006 0.1272038786159998 
0.14216804136554997 0.14960781580200005 0.12717276709599978 
0.14162228378004998 0.1495514117320001 0.12712822760599973 
0.1410776033378 0.14954812095700012 0.12711431864599973 
0.1405476188881 0.1494923451970001 0.1270826479339997 
0.13997482227139998 0.14945661034300006 0.12704392793399968 
0.13939504102039998 0.1494362847560001 0.12702947682599966 
0.13880126652465 0.14941638980300015 0.12699493707599963 
0.13826818789314999 0.1493528518010001 0.12693061179199963 
0.13768560874915 0.14930764550100015 0.12681362003800015 
0.1371278592225 0.14928252242900011 0.12663943386000026 
0.13654271141725002 0.1492469055690001 0.1266320853850003 
0.13594105088920003 0.14921398094900012 0.12662249706100032 
0.13540241006635 0.14919813588100012 0.1205421375010002 
0.1348895758278 0.14826477004100008 0.11987524858599953 
0.13431442001580002 0.14691770714100005 0.11920014801399974 
0.13376170920005 0.14689189517300008 0.11915761534199971 
0.13321577920225 0.14642268317300003 0.1191274233419997 
0.13265609921424998 0.14640449425800003 0.11911189555299968 
0.1320968030669 0.14635471335800007 0.11850154533200023 
0.13145861858095 0.14588145343300013 0.11849108769000023 
0.13084656959575 0.14586550744100013 0.11848783035000024 
0.1302340126127 0.14584943858500013 0.11848432929200023 
0.12956826146980002 0.1458296048250001 0.11319750088500018 
0.12897845547394998 0.14496119310000002 0.11318731219000018 
0.12831074475514997 0.14492715286 0.11318037675800019 
0.12764995506674998 0.14491050478799997 0.11317482728400022 
0.12694369962115 0.144489588836 0.11316927236400022 
0.1263109202807 0.14408195714000002 0.11313108591000022 
0.12570905056040002 0.14403772101500004 0.11310480856100023 
0.12506557809650004 0.14360605756500003 0.11309903035500024 
0.12444846479560003 0.1413674722650001 0.11111527868799957 
0.12382685318920003 0.1405011011900001 0.11031693558400028 
0.12320830921635004 0.14000558849000008 0.1103137805340003 
0.12256283813540003 0.1399735121100001 0.11030458100600031 
0.12188935541840004 0.1373772820480001 0.10851562882799949 
0.12124641531270003 0.13735311411200007 0.10849340721999946 
0.12057411830545003 0.1365580254420001 0.10846371729999948 
0.11998758769980003 0.13651531846700007 0.10596387172000027 
0.11935010834655004 0.1360489251670001 0.10595746001000027 
0.11872822766865003 0.13518035300700013 0.10594762601000024 
0.11808372267395002 0.1347502574670001 0.10590637321500024 
0.11740813020445003 0.13312790290100018 0.10589971746700025 
0.11670703935510002 0.1326079048510002 0.10280877932900036 
0.1159967696909 0.13027105475100018 0.10280474563300035 
0.11532307522910001 0.1302352673210002 0.10280117514100037 
0.11469170574900002 0.1293575254210002 0.10279774641600037 
0.11406225020270003 0.1293254121610002 0.10279422019400039 
0.11339447153995003 0.12816652385700023 0.10278256635400038 
0.11276440439675002 0.12772917570700013 0.09874926353900025 
0.11215461532405002 0.1256403059250001 0.09874343709700024 
0.11151136322295001 0.12562075438700013 0.09870182862800025 
0.11089765771725 0.12560678080100013 0.09867258813800027 
0.11023467268035 0.12468289087600014 0.09863736438800025 
0.1095503111049 0.12382394069600013 0.09861352215600025 
0.10887051765535001 0.12379924360800013 0.09856812471600025 
0.1082612726288 0.12292485340800009 0.09850888037300025 
0.10769024301865 0.1228935192380001 0.09848295348500025 
0.10702343292904999 0.12108612883800006 0.09514771200999958 
0.10642099321665 0.11982017878800007 0.0946234072200003 
0.10576568579015 0.1193814664770001 0.0946195512950003 
0.10511462087719999 0.11817881795300013 0.09286359869900018 
0.10449637012939998 0.11814293371300011 0.09285633788300017 
0.10386417601585 0.11637756248800013 0.09284529085800017 
0.10320751138155 0.11595908559800014 0.09282193455400016 
0.10259044995765002 0.11455277343000018 0.09180873170299945 
0.10200098245120001 0.11451983959000019 0.09175310518199947 
0.10137003378605 0.11330425629400019 0.09173369579199947 
0.10080009079220001 0.11279146139400019 0.09168101771199949 
0.10015473473285001 0.1119278597930002 0.09166324476199948 
0.09956069247655003 0.1119118808910002 0.0863734786100003 
0.09894211858190002 0.11187640694100019 0.08637078625800032 
0.09828897691495006 0.11047271614100021 0.0863605990080003 
0.09763983001930006 0.10821014914100023 0.08635062396800029 
0.09699315166940005 0.10817507165100022 0.08632606396000028 
0.09636858457475006 0.10815910371900023 0.08629399598000029 
0.09566149754065005 0.10717202936900021 0.08628802249600029 
0.09496478482040005 0.10713941822900021 0.08628182650400028 
0.09433365930040005 0.1071178927250002 0.08623525973600027 
0.09373198177230005 0.10620335970000015 0.08622996700200028 
0.09313784882165005 0.10507070945400016 0.08619601114200026 
0.09251274592080005 0.10329384093400024 0.08194066160499942 
0.09195640649600006 0.10325956558400023 0.08189227998099943 
0.09135781008640005 0.10285942868000024 0.07944844683200022 
0.09075458992275005 0.10167025741600018 0.07944166221000022 
0.09013742501810006 0.10124713620700015 0.07943851891400021 
0.08949688077900006 0.09981579090700021 0.0794289483460002 
0.08894392025860005 0.09976809813200022 0.07814733456000036 
0.08830219559330006 0.09866306000800017 0.07812808768900037 
0.08761897955990006 0.09781729458800015 0.07812494598900037 
0.08702436767585006 0.09690345728800012 0.0768167001339998 
0.08638422220995007 0.09686676629800012 0.0768105844259998 
0.08575709332955007 0.0947081214340001 0.07381443992799945 
0.08517822947750008 0.09468175036200009 0.07379387544799944 
0.08455511760370008 0.09465735279400009 0.07377122944999943 
0.08395620997510007 0.09416053389400007 0.07373638923499942 
0.08331908203385006 0.09370103814400006 0.07368796505899942 
0.08275575812490006 0.09368516236000005 0.07191475309000012 
0.08212837878270006 0.09326435505000005 0.0719116505620001 
0.08144905340360005 0.09285612670000003 0.07188742403400013 
0.08081513460070006 0.091541646625 0.07187579033900013 
0.08016981748635006 0.091507846105 0.07187290371500013 
0.07952775325010006 0.08928526650499997 0.06913236983999983 
0.07887745637905005 0.08879520475499997 0.06868901151700035 
0.07825173298135005 0.08788079070499996 0.06868558595100034 
0.07759500445585005 0.08786317507899996 0.06868193810300034 
0.07688095204975004 0.08572377899700001 0.06566554440899942 
0.07627156332030004 0.08569749112500001 0.0656444868689994 
0.07563761682250005 0.08568230425699999 0.0653361154670001 
0.07504781028660004 0.08525254393399999 0.0652945339430001 
0.07439962751225003 0.08521800120399999 0.06528802443500009 
0.07374803641320003 0.08396969259600004 0.06528117400500008 
0.07316697572270003 0.08309323592099996 0.06527121651000005 
0.07248925732530002 0.08219381427099996 0.06523177601000005 
0.07182617219135003 0.08175794650099998 0.06522855575400006 
0.07119377740485003 0.08173027418099996 0.0651858408900001 
0.07059518112665003 0.08130888653099995 0.06049826135300023 
0.06994878930495003 0.07945437453099997 0.06048832284900024 
0.06935644608220004 0.07900439575099998 0.06047949813700024 
0.06876948186415004 0.07817827624499997 0.06047671592900024 
0.06820030852195004 0.07644161879699998 0.05814028349299941 
0.06763325516235004 0.07639222982199997 0.057268365186000106 
0.06706576658185004 0.07445034965000055 0.0572588483860001 
0.06649292492405005 0.07403972130499989 0.057248428491000106 
0.06588829184110007 0.07402193054299991 0.05720704097100011 
0.06525721095170006 0.07398757221299991 0.0571972057790001 
0.06459059885995005 0.07351638543799992 0.057190484223000104 
0.06392340447425006 0.07349990191599991 0.05718346927300011 
0.06315914848415005 0.07344690851599991 0.05288096686800025 
0.06253219851980005 0.07340853026599992 0.05287747280000025 
0.06174488623520006 0.07211305928599993 0.05287417025800026 
0.06101633596700006 0.06991319205599994 0.05287076939000026 
0.060424298004800064 0.06989132376799993 0.05286764159800025 
0.05984145483615007 0.06941585551799993 0.05286446127800025 
0.05924368904400007 0.06894693880799993 0.052852690998000246 
0.05865764869090007 0.06719593640799994 0.050129830482999745 
0.05807434959300008 0.06717702043099993 0.048908962307000155 
0.05740655014895008 0.06639020266099996 0.04890310007700016 
0.05673296565950008 0.06593916298099994 0.04889631271300016 
0.05608056716140008 0.06420125902099996 0.0472325003489994 
0.05549759129250008 0.06373568197099996 0.04720325717699941 
0.054879362559550074 0.06370123605099996 0.0471779365049994 
0.05417134298670007 0.06242251007599993 0.0471200542649994 
0.053487709239350076 0.061538400625999905 0.0470594961189994 
0.05286540520225008 0.0615148716659999 0.04703685285899941 
0.05224281539310008 0.06065610626599993 0.043980596100000206 
0.051613014754600076 0.0593859792170006 0.043969952428000204 
0.05102189979015007 0.05841557775700063 0.0439600651320002 
0.050499693508350076 0.058412234095000626 0.04200058140900018 
0.04989797488400008 0.058408613926000635 0.041993995125000176 
0.049251236318850075 0.05720894492600063 0.041985512853000166 
0.04863471484935007 0.055846431448000625 0.04130507663700024 
0.04796399900770008 0.0554249486899999 0.041302105500000234 
0.047333137665650074 0.053380828685999915 0.03869283949999942 
0.04669505132970008 0.052780820694000655 0.03853482718099973 
0.046084279416700076 0.05194205873800064 0.038520897982999736 
0.045445507632300076 0.051581600139999954 0.03850093641299973 
0.04481345868500008 0.05153098398999995 0.03597582555500019 
0.04420510360245008 0.051085867981999954 0.035972274169000194 
0.043462993484500084 0.050225111421999924 0.035969184953000194 
0.04272480277585008 0.050198587261999925 0.0359657295630002 
0.042071083229050066 0.048994682669999914 0.035670812542999836 
0.04157040177905007 0.047699074093999906 0.03566621054299983 
0.040988441729600075 0.04764978791899991 0.03298367246300023 
0.04039605679425007 0.04761263592899992 0.03297655423100024 
0.039813102337300066 0.047167406128999924 0.03296495521600024 
0.039194958706200066 0.046711541978999925 0.032958995736000245 
0.038595135567350065 0.04439960167899991 0.0306136392009997 
0.038033473994700064 0.043997077597999916 0.03033056375699938 
0.03732063828065006 0.043954068647999917 0.030311451221999377 
0.036708390770450065 0.04393375295299992 0.03029480862199938 
0.036063616501350065 0.04391679552699991 0.030264691885999378 
0.03519949964790007 0.042193426856999894 0.030212906101999375 
0.034503207400700064 0.040975243804999895 0.026893343441000278 
0.03377763173430006 0.03929527207999987 0.026890245489000278 
0.03311935147065006 0.03927004583999988 0.026887186225000276 
0.03256520617865006 0.03809627029999987 0.026880332139000276 
0.03197840501740006 0.037622652859999876 0.026871724707000277 
0.03137062709800006 0.03687584447299988 0.026543861517000247 
0.03074277281895006 0.03531115394000071 0.023367139559999684 
0.030078897173850063 0.0353078274770007 0.023361083531999696 
0.029453477870050062 0.03406144243700071 0.02214799805499938 
0.02884987172115006 0.03337108227299995 0.021670153163000184 
0.02809016563405006 0.03286653734799994 0.021667472043000183 
0.027373373969450058 0.032846550561999935 0.021664438571000186 
0.026681096088350058 0.03192041536199994 0.021661156067000184 
0.025966637782700062 0.03062146275399994 0.019582511193000147 
0.02527232197220006 0.030174288283999935 0.01957795859300015 
0.024585299330100067 0.029688209143999934 0.01956740914500015 
0.023896467282950067 0.027708814015999946 0.01956242429500015 
0.023331134169350065 0.027686027199999946 0.01642372203000024 
0.022609884765450065 0.025914251163000748 0.015440569696999692 
0.021904396190350065 0.025911133788000754 0.015434690470999693 
0.021248944358500065 0.02535074514999995 0.015428966412999692 
0.020632879609900064 0.025326783549999954 0.015422879798999692 
0.019980528022350064 0.02492422376699996 0.015416759614999692 
0.01928130897490006 0.022838244058000678 0.01264865692299935 
0.01849237906310006 0.022352577545000675 0.01264295262699935 
0.017792321388300062 0.022310572299999956 0.012637754030999352 
0.01690967710945006 0.021005294771000677 0.012632184328999351 
0.016311809584900062 0.02100189466100068 0.012608129128999352 
0.015561115350350058 0.020039088656999948 0.012602362592999353 
0.01492745889495006 0.018237850356999964 0.011051393137000208 
0.014248435029350063 0.016929248110000024 0.00877065655300017 
0.013651071962300063 0.01681059865200073 0.008102923273000164 
0.013137375855700063 0.016548982028999973 0.008100119433000163 
0.012451513077500063 0.016130665992999973 0.00762163654100074 
0.011656598664500063 0.015623318732999974 0.006487343724999805 
0.010947249174450065 0.01382976423299997 0.005488586120999697 
0.010317648795050064 0.013351318232999971 0.005482505474999698 
0.009576447059700064 0.013315821232999974 0.005476760528999698 
0.008682485961500067 0.012141863009000687 0.0023062179199993494 
