0.01933632880599978
0.011892810850000046
0.010779104949000473
0.01572845495599884
0.015891809560000247
0.011789876569999969
0.012902669438999759
0.011489899649001156
0.0168809599799995
0.013215542353000043
0.013035362489000502
0.010575882579000329
0.012371604821999505
0.013069348172001227
0.010206091796999495
0.010861681071999918
0.013008157181000346
0.01177827904200024
0.013994570532999795
0.012388743569000216
0.014229213436999899
0.016911906387000464
0.01236527923499997
0.013564844447000013
0.011667704574000126
0.011208474861000184
0.01265248383499884
0.011220861007001037
0.014745425798998735
0.01339402508400056
0.011998771993000368
0.011923652720999822
0.014923417888000667
0.013479880798999755
0.012690103936999986
0.01241500703600007
0.012636493794000891
0.011629717601999268
0.011647896143000214
0.013696830023000484
0.014896667085999571
0.012426392610000114
0.012218961881000023
0.015040231760999667
0.014525531360999988
0.013508526707000534
0.011665272831999474
0.01056928972999982
0.01112794892500002
0.01283120622200018
0.012665267985000117
0.01158482699499963
0.014763025550000641
0.013244522738999898
0.012181723587999738
0.012067022158000373
0.01475148279799976
0.013062719496999886
0.012847306869000708
0.011716689001999292
0.012121462207000278
0.010755950057999897
0.00989767216400006
0.012099355139000068
0.01234804523399946
0.013002668563000253
0.014811043621000053
0.012257721571000246
0.01166632010900015
0.015570922521999986
0.013407440741000087
0.012285781746000257
0.012811393897000034
0.010570773767000219
0.010739552054999546
0.011916696089999679
0.013487675564000323
0.014376120077000065
0.012598327335000103
0.01232508102900054
0.016548511586000014
0.014267986886999928
0.012232765352000241
0.012513028643999835
0.012485389068999986
0.011130772123000066
0.012660768611000295
0.014973582854999723
0.013231056478999914
0.012985628686000394
0.010389222091999661
0.011949597524999911
0.012709173486000092
0.015422212440000083
0.013550370016999658
0.012669587975000285
0.013663111417999918
0.011996870432000373
0.011398218332999477
0.013907343391999838
0.013995246811999706
0.013023317512000476
0.013247897879999915
0.015224218776999754
0.01183498257800042
0.014121355718999862
0.013041727047999885
0.011119219618000331
0.011601343709999767
0.01136348683599997
0.01262502511300001
0.011481385036000047
0.01343992092199997
0.014377383953000589
0.012228038937999841
0.015692081230999966
0.013873630885000487
0.013096385812999323
0.013313643379000428
0.013310898904999702
0.010952107177000014
0.01282051681499996
0.013132898305999952
0.016233510390999406
0.012773994578000325
0.014759308298000207
0.012055066876999643
0.015272820899999706
0.013861960465999967
0.012291241217999849
0.010730068673999948
0.013735763309999927
0.013125127830000194
0.013129533752999745
0.01295895656700008
0.014786644830999895
0.014061064899000275
0.013141168510000023
0.016697357692000203
0.011948036929999795
0.013913111539999967
0.012910972792000264
0.013534394558999852
0.013180607141999978
0.011933038490000047
0.013518274529999985
0.01127266418299988
0.015358839713000005
0.013796490925999993
0.012001495690999953
0.017492622979999872
0.014471846266000066
0.013358106706000239
0.015356268081999636
0.012486138756000242
0.013676303879999852
0.01576480079999998
0.012220722881000068
0.012918068857999954
0.013677129299999868
0.01592125166799996
0.017369101652000007
0.01489347507499994
0.013303478065000096
0.011773140754999911
0.011530027327000147
0.011969846668999806
0.01592190329200016
0.014694747710999989
0.012478513553999981
0.01335461717999964
0.014942936964000175
0.016018674992999804
0.012859967748000134
0.014292454773999652
0.012306021920000187
0.012370877312999795
0.011521728511000084
0.011926321191000122
0.014557105737999843
0.01120864753000006
0.01497752851699996
0.015355298238999948
0.017161697702000267
0.014127549793999883
0.013942268739000063
0.012638375736999885
0.013730584764999998
0.01427200419300001
0.012240140283000078
0.010988732855000016
0.014581353664999963
0.014082798511000028
0.01685993945700004
0.01409699924700003
0.014407894330000004
0.014577023303000036
0.013668381146999808
0.014572510520000082
0.015686929618999867
0.01326601649400011
0.012902292609999977
0.016881933432000007
0.011584903903000099
0.012683852042999932
0.01983376825499994
0.014560932578000008
0.015395963398000007
0.016510827274999945
0.01634739317800002
0.014242744019000025
0.018023637787000002
0.017605810967000007
0.014963280863999978
0.01656102488700001
0.01722001906500001
0.018992002422999962
0.016314566589999996
0.014415856646000001
