0.15 0.15 0.15 
0.14903318355969997 0.14999725571 0.14262550749999994 
0.1484385430172 0.14998664978999998 0.14253369571000002 
0.14789958776974999 0.149983195701 0.142156663624 
0.14711316502195002 0.149931259835 0.1415525337270006 
0.14631857454395003 0.1499168093610001 0.141285908504 
0.14572908071545002 0.14989758334100006 0.14104645865599985 
0.1450839472435 0.14987338167599995 0.13970503001300036 
0.14450945226105 0.14976549534299993 0.13921696798000002 
0.14366540426204996 0.14972894707899986 0.13494464944599985 
0.14300462714439996 0.14797896952999995 0.13493894748399987 
0.14235285901994996 0.14637524155900006 0.13493350537399987 
0.14182406489099997 0.1455394236639999 0.13491165838399988 
0.14120548464989996 0.14463070947999968 0.13488090891199986 
0.14055201724129993 0.14421293206999994 0.13487530186599986 
0.14004171265144993 0.14289493997500005 0.13485217458599985 
0.13949862859784992 0.1424208680070004 0.13483526022099987 
0.13884822073879993 0.14233272492700005 0.1335481192209999 
0.13825930678669993 0.14223509686999997 0.1326457315950003 
0.13755957826004991 0.14217089738799957 0.13223890463500032 
0.1369401410815999 0.1421353040059999 0.13126937359100002 
0.1362286804097499 0.1419099548059999 0.13041029520600012 
0.1353830850903999 0.1411765240949998 0.12730986761700028 
0.1347648211286499 0.14082174781699966 0.12727561686700026 
0.13408657890629988 0.13920485385299972 0.12720250933000027 
0.13350319367759989 0.1362816851430001 0.12716810597000028 
0.1329427699345499 0.13513945602799965 0.12713496165000024 
0.13231014574279992 0.13505948689399988 0.1270752480960003 
0.1317491026924499 0.13482030991800045 0.1270594152830003 
0.13101183140249992 0.13459942017099966 0.12408973914700035 
0.1303421301482999 0.1345752396250001 0.12408442385100035 
0.1297421915486499 0.1344958855959996 0.12404095995100034 
0.12914600891259992 0.13410335896699982 0.12357879654300033 
0.1283998380181999 0.13394179746799975 0.12057354794900033 
0.1277258439782499 0.13295467576999967 0.12053984693300034 
0.1270913387813999 0.1308638492719997 0.12048609375000036 
0.12647058842959988 0.13065979067899988 0.12041959591000032 
0.12583876373989988 0.12860210628999988 0.12035960954200033 
0.12525727785979987 0.12772646726799944 0.12034153596700031 
0.12467488305264988 0.12725177832200052 0.1201655847679995 
0.12399004155149987 0.1271390941379997 0.11914734923400015 
0.12324520819719986 0.1269592856720001 0.11851894409200026 
0.12262388856669985 0.12692945207699963 0.11782570352000019 
0.12201294047264986 0.1263414423719997 0.11648483367000013 
0.12126092888459986 0.12617272126599954 0.1132649008720003 
0.12053465231654986 0.12533401363999955 0.11325927204200029 
0.11985922598119987 0.12372249695000027 0.11320784237900026 
0.11927596233959986 0.12328584129299941 0.11318872106900028 
0.11874749785309988 0.12254763033799931 0.11316726658900027 
0.11819110040684988 0.12172681634899984 0.11314287215600027 
0.11754954009574987 0.12161690019199978 0.11308397154800029 
0.11691627669649987 0.12074223641099985 0.1121544881040003 
0.11633703534674987 0.11964190728799953 0.1121283287760003 
0.11559888406924987 0.11956876656000057 0.11128035903100031 
0.11493665793229986 0.11912090697500018 0.11042736803100033 
0.11432757175289987 0.11908763978999967 0.10897401524700015 
0.11372422064499986 0.11861537371399972 0.10780212205700034 
0.11298664650509986 0.11843668346199951 0.10718045831700018 
0.11233351053024986 0.11739304325099952 0.10711953863100017 
0.11169114518679985 0.11471976513800003 0.10705118627500017 
0.11110531073669985 0.11435503395799979 0.10703838981500018 
0.11049923762634986 0.11349413092800018 0.10677778145799986 
0.10996144012344987 0.11345103835899942 0.10570170872000022 
0.10946655651524986 0.11288172678799985 0.10527970640400018 
0.10886158875829986 0.11228937527599972 0.10413608432100024 
0.10824418649659986 0.11194602210999959 0.10320341659300025 
0.10759405306844987 0.11174566749400046 0.10231488475300023 
0.10685350088739985 0.1114068637710001 0.10152250492000008 
0.10624061480884986 0.1108902867659995 0.10138479654300017 
0.10565729880339986 0.11079158438799973 0.10014877403600002 
0.10487875267729986 0.10992973611399942 0.09915294739300017 
0.10420838064024984 0.10891028711899978 0.09911170811700015 
0.10359409155294984 0.10856787284999952 0.09908299912500013 
0.10295352185809983 0.10556786521699928 0.09849071377900001 
0.10242498316974982 0.10540188532399948 0.0980781652169993 
0.10188800556699984 0.10479642590599982 0.09774797791000014 
0.10129217076249984 0.10457782855599956 0.09732115090599988 
0.10061778698429984 0.10416480921400043 0.09678783716000018 
0.09989898098044983 0.10360637966699951 0.09631521743399998 
0.09926906461369983 0.10330996195900012 0.09611952216699941 
0.09865281056224981 0.10311868966899976 0.09449089383200014 
0.0978253849829498 0.10211354658999935 0.09272416983799987 
0.09711198563859981 0.10062452688699938 0.09271422551799988 
0.0965003473709998 0.10015013161699966 0.09258527653400019 
0.0958746959387998 0.09943574264600005 0.09252006521000018 
0.0952504264853498 0.09874720911000004 0.09176990514599995 
0.09469388787919979 0.09768881057399978 0.09128307411000007 
0.0940608494486498 0.09717214800899952 0.09038688807399979 
0.0933121703058998 0.09652601043000035 0.08946978418600014 
0.0926506174819498 0.09590852992199939 0.08855972409399988 
0.0920013360476498 0.0957028207189995 0.0885146247939999 
0.09148187494304981 0.09569121937499997 0.08817671071899953 
0.09088439506679981 0.09531837482799989 0.08684334414500015 
0.0902489363924998 0.09519774069999977 0.08678596360100016 
0.08947782577049981 0.09449127357799932 0.08375295210499992 
0.0888003072696498 0.09303524855899929 0.08374304490499994 
0.0881668278708998 0.09133273565699966 0.08367180707999994 
0.0874836722999998 0.09009390213800018 0.08364104587999995 
0.0868838287783998 0.08961660240000027 0.08254421463800014 
0.08631391786174981 0.08929588065599961 0.08215379990000035 
0.08561855069214981 0.08925810830600041 0.0819801471550002 
0.08491878835154983 0.08835773558199929 0.0789995401970001 
0.08426762247594982 0.088111268152 0.0789897392370001 
0.08360522758194981 0.0876955327389998 0.0789584681970001 
0.08284401664309983 0.08680930781499988 0.07741535888100022 
0.08225226751419981 0.08592190232899921 0.07738631292900022 
0.08154619972824982 0.08544406232399923 0.07729417132799996 
0.08089411337584983 0.08413806833199938 0.07727121071299994 
0.08033815239494982 0.08381331329700029 0.07652496333199936 
0.07975808520944981 0.08239392512799969 0.07618054829700026 
0.07918991086764982 0.0822979965359996 0.07472422262799973 
0.07855865961199981 0.08204973975599979 0.07472113655299974 
0.07798459036019981 0.08169953147299967 0.07458248725599972 
0.0773125943140998 0.08154776032800036 0.07371364053400016 
0.0765937251164498 0.08057855916499924 0.07251918910199988 
0.0759823231695498 0.07970809027399976 0.07247507104199986 
0.07519771910799979 0.07832686236699926 0.0697518229600001 
0.07450403756374978 0.07824555738500003 0.0697135133800001 
0.0738492182730998 0.07757253425199924 0.06967880560000013 
0.0731835361041498 0.077064371846 0.06962375269800013 
0.0725179911588998 0.07552651601899939 0.06953642684600006 
0.0719703858000498 0.07454221171899983 0.06795539601899946 
0.0713293599592998 0.07443026624999954 0.06717458921899976 
0.0706727150439998 0.07407196011000036 0.06671900874999952 
0.06986103952444982 0.07345107956499972 0.06539344385699986 
0.06922233979554981 0.07286773896499962 0.06536261860699985 
0.06848437438064983 0.0725469727039992 0.06535732424499985 
0.06788162103679983 0.07187042475799969 0.0650626052039992 
0.06711797999179983 0.07064330845499919 0.06405081918500015 
0.06642488196849983 0.06992772003199936 0.06278863761800005 
0.06581031990759983 0.0689003173870003 0.06238800753199943 
0.06527381647389985 0.06862419065800007 0.06136767738700031 
0.06458702830839984 0.06715800787900023 0.06120638815800002 
0.06393077191689985 0.06642201420499955 0.0596856528790002 
0.06327429522924985 0.06585713013599967 0.058766814204999546 
0.06262634740089984 0.0658213038110005 0.05831117763599962 
0.06188701515934985 0.06525315716599976 0.05829412323999995 
0.06118396191439985 0.06489038869599913 0.05814894216599973 
0.060526903488899844 0.06418660272199977 0.05741704619599908 
0.05969203560429984 0.0636257442849996 0.054909994169000186 
0.05909463375779984 0.06223536200299913 0.05488010956100019 
0.05839897818079984 0.06211774135599943 0.05473950200299909 
0.05775342954119984 0.06071659169800002 0.05461549385599941 
0.05707670981324983 0.05918240001200046 0.053037756698000045 
0.05641767945614983 0.0587087231060002 0.05159612251200044 
0.05582102753164984 0.05833246249499956 0.05121437310600023 
0.055145113805149845 0.058254678446000324 0.050927897494999604 
0.05458148059599984 0.05789226546699976 0.05069996344600037 
0.05381353861034984 0.057260861948999126 0.05026108046699979 
0.053123714064049844 0.05682954190599964 0.0496523644489991 
0.052523639279499844 0.056382372388999666 0.04935278440599963 
0.05164900813049985 0.05553961242000049 0.04697819892800003 
0.05092541581719985 0.05436538091599943 0.046946723428000034 
0.05025751048189985 0.052682442529999575 0.046878675915999445 
0.049489697077799856 0.05215083279800003 0.04526448502999957 
0.04886539013999985 0.05111093704899908 0.044997372798 
0.04818157494599985 0.05054051051600055 0.0435983370489991 
0.04739333490599985 0.050167897595000205 0.043058710516000534 
0.04678229876194985 0.04954317798999913 0.042818535095000235 
0.04613639531904985 0.04920372464599964 0.041934725489999124 
0.04545253885404985 0.04869284706799982 0.041562607145999665 
0.04465647627064985 0.04858258778999969 0.0411830120679998 
0.04378802118804986 0.04676828943399944 0.04015241689300008 
0.043043347434299856 0.04661575927099964 0.03904863943399948 
0.042378173531049855 0.04566017256400038 0.03903215177099964 
0.04178951649329986 0.04414532215099995 0.03833023006400039 
0.04121301512694985 0.044027256964 0.03665344215099997 
0.040614522793499856 0.04307785813099912 0.03665089438499998 
0.03981842762889986 0.042327793443000555 0.035477675630999114 
0.03908369024334986 0.04204261932200022 0.03495635594300055 
0.03845976456564986 0.04192788292500034 0.034693561822000216 
0.03779203370664987 0.0411496235169998 0.0343455954250004 
0.037044886858449866 0.040922126716999685 0.03348994601699978 
0.03624395310879988 0.03924144097799967 0.03238188436200015 
0.035600954721399874 0.03883031486199952 0.03194917347799969 
0.03488633198269988 0.03784474988199917 0.03136240986199953 
0.03427103088669988 0.03681763861000001 0.03084452488199916 
0.03365248702104988 0.036502129107000035 0.029668146110000026 
0.033076400595499884 0.03552515678499964 0.028995104107000062 
0.03248008453594988 0.034844717059999634 0.02839164428499966 
0.031752229249049885 0.03455723263700033 0.027382667059999664 
0.031191796872549887 0.03436588005499916 0.027078955137000364 
0.030442920446699884 0.03371140482000055 0.026987425054999174 
0.02967515553474988 0.033358000670999706 0.026153719820000546 
0.028817070649649883 0.031182586097999728 0.02568666317099968 
0.028110693159949882 0.030696184982999166 0.023903916097999738 
0.02741357972299988 0.02996728994500036 0.023252392482999165 
0.026781660936149882 0.029841578415999517 0.02264036494500038 
0.02609513169789988 0.028728880462000145 0.022499765915999514 
0.02538153148824988 0.02799441106800003 0.02112743796200013 
0.02476952447409988 0.02671717768699932 0.020685013568000014 
0.024220087831349876 0.026549972424999173 0.019454125186999315 
0.023491020148099877 0.025892371454999688 0.019296947424999197 
0.022786880222549873 0.025416011580999695 0.018291731454999658 
0.021943883249699876 0.02497061799899967 0.017852789080999694 
0.021239033287349877 0.02404175775499963 0.017548267998999677 
0.020518638570849873 0.023868500710999732 0.016502630254999616 
0.019789787405699876 0.022749137756999178 0.01645638821099975 
0.01910636834834988 0.02234537536599952 0.015197752756999207 
0.018377742822349878 0.02183635408700052 0.014684210365999492 
0.017593396341399878 0.02055357902100014 0.014311454087000524 
0.01693009551669988 0.019621704460000364 0.01300627152100012 
0.016284980886199875 0.0188027765769992 0.012440149460000351 
0.015440884214599878 0.018205388778000334 0.011318024076999198 
0.014861639019449877 0.01726165535700007 0.010813648778000342 
0.014227446417299876 0.0171539050719997 0.009767717857000084 
0.01323575800454988 0.016429259230999683 0.008736305506000167 
0.01250771137564988 0.015961743757999657 0.008726572386000166 
0.01173791320574988 0.015074494361999206 0.008451583757999656 
0.010912371841999882 0.013881829567999758 0.007623691861999214 
0.010095002183099881 0.013145976499999622 0.006225544567999746 
0.00938286498214988 0.012041819739000523 0.0055913664999996185 
0.00848168309279988 0.010841708500999208 0.004985432239000523 
0.0076013925444498795 0.009647542532000127 0.003386856000999204 
0.00685322850124988 0.008591913052999497 0.0021830150320001347 
0.0060251772568998795 0.00858123116399968 0.0010940905529994989 
0.005164176303649881 0.007867714846999656 0.0010218311639996818 
0.004214576182499881 0.007556968530999213 0.0001871298469996577 
0.0033988478529998816 0.0057728549100000415 0.00018079938699965773 
