0.01608249375899984
0.013080432346000759
0.011095878611999233
0.014107065714999756
0.012271825636000155
0.008323617169999409
0.013543558729000704
0.00928646660699961
0.009331641132000357
0.014363259936999384
0.011482051901000379
0.010016930523000678
0.014748286933998767
0.018358709469000978
0.013415282472999834
0.017015128265000623
0.011893490982000099
0.011420002710000432
0.012866791058999905
0.010543203722999994
0.011092609232999706
0.01883452554500087
0.020888109774999553
0.01255898916399989
0.01157773584799937
0.012081082664999965
0.014744093271000125
0.01127364443900003
0.015233795504000724
0.015163204060999469
0.012946447166000574
0.013177289050999796
0.011673555366000343
0.010560857026000292
0.012858644463999536
0.014137309052000724
0.012511787143999253
0.011967060337000568
0.013956622156999554
0.011118752263000076
0.014936587898999765
0.014147838694000825
0.013247213102999478
0.011536849609000477
0.015451542114999217
0.012607897647000321
0.01841330688800058
0.011885191221999492
0.009481912043999952
0.021755082711999663
0.013404038235000026
0.01129602818200004
0.011831195300000097
0.014388382925000442
0.036698774281999746
0.024407851455999996
0.01212511686200024
0.015123840033000047
0.012530795697000219
0.02721076559299984
0.020499911491999256
0.012618786915999713
0.010191923578000583
0.015583300393999355
0.010048443498000381
0.014030610282000033
0.016790240137000367
0.014134743480999745
0.0170578787550002
0.023334690993999985
0.03251976118499966
0.010566325550000366
0.015267131994000316
0.019225899792999934
0.013969051078000172
0.022454181558000164
0.012156994417999556
0.011564382517000205
0.014072853657000506
0.011027438047000127
0.019876520541999954
0.01668956551499967
0.008881469960000166
0.018266135419999996
0.010666789617999717
0.011698272779999686
0.028178368057000247
0.013081134010999751
0.01681744426499998
0.013456619697000072
0.011378660024000453
0.01439745788299951
0.020813428068000128
0.013906113273999932
0.015724910711000017
0.012192002606000063
0.02846619257799987
0.013820658842000011
0.011955073007000383
0.012814821681999433
0.014991637579999217
0.01600534478200033
0.012435952180000598
0.013815081873999713
0.014269702235999882
0.014714285284000317
0.028199623510999805
0.015166550555999914
0.012635755000000026
0.0383347560909999
0.01775273095499985
0.01283346847600031
0.014004063256999988
0.012263507915000194
0.011869130928000127
0.022485822677000167
0.013571160479000088
0.026198320730000058
0.010792930083999508
0.014471329009000389
0.019987656144999866
0.013196695439999795
0.016747058480999666
0.036626120689000174
0.015635463377999814
0.0098433213510003
0.021816286404999774
0.013220662789999782
0.02102822504800006
0.016990774119000074
0.021011850143999866
0.029568605777999912
0.038909944339999836
0.01965046224100031
0.012989065760999896
0.015421714665000086
0.013992515027000052
0.02109592483999989
0.030049610074999955
0.01301356675200016
0.019713257809999996
0.018522660823000137
0.034467550878999775
0.012941968836000073
0.013173795147999878
0.014509054899999985
0.04030654556699986
0.024365425649000128
0.021176967607999808
0.02527157534500013
0.013265867920000063
0.013366793660000043
0.03646031527600002
0.02943988181599988
0.03097975775200007
0.02516502110400004
0.02460626238999991
0.014647787768000076
0.016849910360999976
0.016771030900000095
0.04560580553999999
0.013659710624999877
0.028191150011000032
0.04555429740100003
0.023805921188999962
0.012850733472999976
0.02588773715699999
0.021063872098000008
0.034417862155000006
