0.15 0.15 0.15 
0.14919587531204997 0.14999719873 0.1426227074999999 
0.14854185369474998 0.14999439709000004 0.14252771951999996 
0.14798705976414997 0.14999189774000002 0.14234669171799996 
0.1472817064784 0.14998919378000006 0.14202021508500043 
0.1466681151966 0.14992620670299997 0.14200149834000042 
0.14625193433810002 0.14987790317599997 0.13754429867099988 
0.14557475640165002 0.149867419525 0.13503733429599973 
0.1451104330713 0.149835706025 0.1350253690259997 
0.1446438510147 0.149787664525 0.1300283866629999 
0.14392568801785 0.14975052549900006 0.12998074816299993 
0.1433515854228 0.14970725470000001 0.12997530605299992 
0.14285073889664998 0.149699108419 0.12994699960999992 
0.14211332454995 0.149688727945 0.12994060989599993 
0.14119538907649995 0.14831576406400004 0.1298911266339999 
0.14052462495284998 0.14829255318900003 0.12472703747999977 
0.13967386853959995 0.14784423591200005 0.12472118361799978 
0.13907919399049995 0.14567834276899977 0.12471112281799979 
0.13850819385499993 0.14423227652399986 0.12470085081799978 
0.13786485430204995 0.1439120476379999 0.12467987120299978 
0.13733769411589994 0.14390903546799988 0.12464902761099977 
0.13678306365424991 0.14311882166999987 0.12463988457099975 
0.13584133737699994 0.1422570784240001 0.12452320585099996 
0.13479693188824993 0.1409280926860002 0.11757135996499973 
0.13416898243004996 0.1399446559329998 0.11756094972499974 
0.13359009563764995 0.13988873634299978 0.11755056380499973 
0.13298604150439997 0.13935842009699986 0.11754179836499973 
0.13224883684084995 0.13891375498199995 0.11753605341899975 
0.13168515461889996 0.1387652746269998 0.11752727645899973 
0.13092346484369993 0.13826382148299976 0.11751803997899973 
0.13016530464064993 0.13638575414399987 0.11748427797899973 
0.12951798228234992 0.1363543144439999 0.1174745461389997 
0.12885911782979992 0.13634373929999993 0.11746521877899972 
0.12827544006149993 0.13633872743599992 0.11745585941899973 
0.1277473972101999 0.13633578381999997 0.11743893675799974 
0.1271044649869999 0.13436606960999992 0.11742932011799977 
0.12639759953439988 0.1329142056479997 0.11045737874699982 
0.1257720101771999 0.13247513802399966 0.11045114618899983 
0.1251736571603499 0.1316970935799996 0.11044529951899984 
0.1244758260524999 0.13166498434699958 0.11043998500099986 
0.12391988843934992 0.13124644757799964 0.11041878619099985 
0.12317305904439992 0.1308998529629998 0.11041328884299985 
0.1224656671096999 0.1308841417289998 0.11037727165499986 
0.1218033064545499 0.1308664647249998 0.11037167963899985 
0.1212264639740999 0.1308483450539998 0.11035369264399984 
0.1204538868683499 0.13083367377599983 0.11034829533399984 
0.11982349198599991 0.1307990803359998 0.11029806269799983 
0.1189028266415999 0.12854599223199972 0.10274464019799982 
0.11830856708049992 0.1285201636239997 0.10273976061199983 
0.1178344714782999 0.12847119227399967 0.10273447254599984 
0.11674671734269991 0.1284372949439997 0.10272860450999986 
0.1160765154309499 0.1279423391439997 0.10272280808999987 
0.11551171402184991 0.1275123985499997 0.10271759578799985 
0.11492015425684991 0.12704376624999966 0.10271274380399986 
0.11420073511059992 0.12699397892499967 0.09940948294999978 
0.1123657963964999 0.12697269134099967 0.0986810604499998 
0.1111454038236999 0.11941950634099965 0.0986778713939998 
0.1105391479805999 0.11938805231099962 0.0986706407399998 
0.10978295597894988 0.11896255267099963 0.0986674387879998 
0.10915641619409988 0.11848591047099963 0.09866400553999981 
0.1077958779144499 0.11802024027099965 0.0965336262529998 
0.10677088233984992 0.11798624613099966 0.09553991921900008 
0.10613994299404991 0.11796750820999967 0.0955203215490001 
0.10563034681514992 0.11753901853999969 0.09544456730899974 
0.10485118179544992 0.11668899381499974 0.09539743786399972 
0.10434875962054992 0.11618531991499974 0.09529801291999962 
0.10364722910644993 0.11501598102599975 0.09526866742199962 
0.1028077170995999 0.11319289852599972 0.08819898492199957 
0.10210097992554991 0.11315843877599974 0.08819363087999955 
0.10124808598779991 0.11273048841599972 0.08818799932599956 
0.10008135143809992 0.11027953189599973 0.08799054955900014 
0.0984553633788499 0.10975936731399975 0.08208446464699995 
0.09792704710134992 0.10973995426399974 0.08208090347499995 
0.0971636905016499 0.10888685759399969 0.08207713633099994 
0.0962023955119999 0.10885319537399966 0.07796308633099998 
0.09550394295809989 0.10799206667399962 0.07795981221499998 
0.0943812338801999 0.10498441778299988 0.07795617974499998 
0.0937733841592999 0.10358184308299989 0.07795293824899997 
0.09319516503344988 0.10357865175799989 0.07794955555499995 
0.09249152235059988 0.1022860007579999 0.07794668685899991 
0.09194015044824987 0.1022770994469999 0.0779433507649999 
0.09094632442114987 0.10150246732199991 0.0779400729209999 
0.09011184614539987 0.1009037921999997 0.0779348098709999 
0.08966777264739986 0.1008878725359997 0.0779288825809999 
0.08875446587639987 0.10085470819599968 0.0760482419859996 
0.08822112639549988 0.10038723979599967 0.0760418935259996 
0.08763621275649988 0.09990156432099966 0.07603569053599962 
0.08622729435364988 0.09859222294599965 0.073901984875 
0.08557323765309989 0.09813058961599962 0.07389053111500002 
0.0847323654398499 0.09694884933599963 0.07388734205900004 
0.0840595344549999 0.09606473568599966 0.07388421789900003 
0.0834906014537999 0.0943076267419996 0.07388108209100003 
0.0827707285596499 0.09385786470199962 0.07387799911500002 
0.0817300571562499 0.09255692884199959 0.07165757489199984 
0.0810347514925499 0.08977764532900061 0.07165049447599985 
0.0802485059569999 0.08804681392600061 0.07164338721199982 
0.07963890582669989 0.0880432502050006 0.07163706627799982 
0.0782155961977999 0.08708565046300061 0.06969292377799982 
0.0775245632556999 0.08581488372599981 0.06968644090199982 
0.07692680960534991 0.08580523145199981 0.06967883642199983 
0.07628606852124992 0.0848425788640006 0.06967236480399984 
0.07553648664224993 0.0839352532399998 0.06966480602399983 
0.07473621940314992 0.0827730540700006 0.06833919402900006 
0.07411442179414991 0.08195556485599957 0.06493651754199962 
0.07342366770044992 0.08145056441599959 0.06493327648599963 
0.0727101825886499 0.08098036900599954 0.06493021098199964 
0.07197446832444991 0.07964845680599954 0.06492717043799964 
0.07056448714889992 0.07921325042599953 0.061661076384999645 
0.06980615962109993 0.07751971905099952 0.061655210586999645 
0.06917437187109991 0.07750164883999953 0.06164979835699964 
0.06725763406654993 0.0750431029209997 0.05400014585699963 
0.06636999751879992 0.07182101054000053 0.05399493803099963 
0.0657283240949999 0.07096146529000046 0.05398892253499962 
0.06502812093214991 0.07093053084100048 0.05398355900299962 
0.0644149455363999 0.07062930654199949 0.05397767965699962 
0.0638214889899999 0.07061389807999947 0.05397177463699961 
0.06269719785614988 0.07016574017999948 0.053212492136999606 
0.062018639832199886 0.0692110466799995 0.05320622534699962 
0.06070872379569989 0.06655323484799965 0.05175541337600022 
0.060169077291499895 0.06655002439799963 0.051752792666000226 
0.0594455108410499 0.06607109361799965 0.050418981862999576 
0.0584461280337999 0.06305388458899949 0.050416007462999575 
0.057786293261799904 0.06221159438899947 0.05041282547899957 
0.05694894033774991 0.062191323207999465 0.050405410196999574 
0.05511763430329991 0.06217192004999947 0.042706400196999596 
0.05433586113439992 0.06134222309999946 0.04270348112499959 
0.05384369506684992 0.06129163441199947 0.042700562884999585 
0.05275288074659992 0.05998769344799947 0.042693775520999594 
0.05209184760709992 0.059014625047999474 0.0426881871469996 
0.051040436354699924 0.05813796435399949 0.042481635855999574 
0.05019089764874992 0.05683147111999949 0.04247674005599956 
0.04914030514154992 0.05416891504299974 0.042472073705999557 
0.04766187485264993 0.053148590032000315 0.03561835756899966 
0.04571637763564994 0.05272653123999972 0.03537416260599959 
0.04473385452359993 0.05127614892999972 0.0353690477559996 
0.04408440123554993 0.05127328527999971 0.0353643430559996 
0.04331331550229992 0.050152980904999714 0.0353538902489996 
0.042613689750949924 0.04979350152999973 0.035342944475999595 
0.04155889350894993 0.049445508124999454 0.0353329570949996 
0.04005641300519993 0.04898022959999944 0.03186571596600063 
0.039405734667599925 0.04819320247799942 0.03186232158900063 
0.038420071777099926 0.04634853637799946 0.031859069655000634 
0.037493938735949923 0.04419119204699972 0.031855823013000634 
0.03577056119199993 0.04343227757199973 0.024138838013000652 
0.035123462750199924 0.04342295084499973 0.024135056879000652 
0.03446477299279992 0.04278729231399945 0.02413192666100066 
0.03373932024779994 0.04234523804399945 0.024128728970000655 
0.031723992969449936 0.039354428651999514 0.01692681397000063 
0.030505721686999936 0.037562957750999645 0.01692364759000063 
0.02944687330659994 0.03452256986999981 0.016920042856000628 
0.028183294539349934 0.033508622927999485 0.016916358742000627 
0.02752000114334993 0.033466956802999485 0.016913267773000628 
0.02685166146034993 0.033441267970999486 0.01691008904500063 
0.02502864569654993 0.03125505262299949 0.009403684045000638 
0.023556651605749934 0.027102267393000964 0.009400522075000637 
0.022007663718149932 0.026674273923000962 0.00939742449100064 
0.020749412662949933 0.02554036931399976 0.00939373993600064 
0.019519099543449932 0.024756091639000586 0.009390690421000639 
0.01878671015504993 0.024718649639000587 0.00938743540000064 
0.01794421463699993 0.022665624851999328 0.009384055135000641 
0.01710566309199993 0.022544306276999507 0.009380731318000641 
0.01482537281499993 0.020282700676999506 0.0018708963180006461 
0.01414238728374993 0.020236781201999506 0.001867627185000646 
0.012732829783199931 0.018568636478999503 0.0018638350260006462 
0.01045511491314993 0.016761745972999658 0.0013445707209995955 
0.009264818853699931 0.016345150492999658 0.0012798332369997937 
0.008622282180049932 0.015405178084999513 0.0012732273889997938 
0.007327895322199933 0.012115177404999667 0.001266668304999794 
0.006274701717299933 0.010396035752999513 0.001260143860999794 
