0.01799194494300016
0.016569115916999166
0.03100435215700026
0.034901889058999824
0.03515181879900098
0.03843773610199941
0.031709730570000705
0.04011684445300112
0.05351273439300064
0.03595278945699931
0.06159470005900003
0.056236597820000345
0.03761226070499957
0.05127665771199963
0.036419941182999516
0.04471513861199927
0.03325860479999987
0.04686646087400037
0.04162675140399941
0.04541313888600129
0.05668299210700001
0.04690510125699987
0.057262644587000366
0.050398679914999356
0.048459869207000406
0.054605673836000124
0.05614031482199988
0.05501744800200026
0.05245118803299964
0.05177459212900004
0.05677255819800009
0.0526885081590005
0.04829553448999935
0.05994520818800031
0.04400523167699988
0.05331559906399974
0.049257074755000074
0.04474330088400014
0.023211213284999976
