0.15 0.15 0.15 
0.14910040275284994 0.14999727901999996 0.1424323449999997 
0.148271946957 0.149985459174 0.14055429249999968 
0.14672172934915004 0.149978367448 0.13307387749999977 
0.1449766348962 0.14993068740699997 0.12627862249999963 
0.14321904395625 0.149927812782 0.1255075099999996 
0.14129715715115 0.14992503391499998 0.1179350199999996 
0.13971167062264994 0.14979896888200014 0.11720548999999958 
0.1377058283999999 0.1495362709039998 0.11606109249999953 
0.13503019168034988 0.14856917316499993 0.10834051249999958 
0.13323255220749988 0.14791001357000008 0.10088412499999953 
0.13015281720454988 0.1468914730869999 0.10014823999999954 
0.1273409873135499 0.1442552246710001 0.09941218499999951 
0.1254603742782999 0.1436009250050002 0.09867415999999951 
0.12289654139269993 0.1430901961249999 0.09120784749999954 
0.12107554433354993 0.1413712814689999 0.0848486449999995 
0.11883978740294995 0.13973947667500028 0.07759453749999955 
0.11717685716294997 0.13932949219700036 0.07682440749999954 
0.11483353411924999 0.1375593441190001 0.07571650249999955 
0.11275219654905 0.1371242757290004 0.06829663749999951 
0.11048153960474995 0.1343756670730003 0.06713751249999951 
0.10764738999939995 0.1331785070190005 0.06598206249999948 
0.10530213493654993 0.13316223468900049 0.05854785249999948 
0.10243900270719992 0.13152161110300048 0.05744155249999948 
0.09991906871144994 0.13150599355600048 0.0500447049999995 
0.09749607525109995 0.1310761155900005 0.048924317499999495 
0.09476579155929993 0.12767745726400054 0.04774575749999949 
0.09195877581819994 0.12725322816100046 0.04015219749999947 
0.08920790341809992 0.12684701651100044 0.03897795249999949 
0.08658534401644993 0.12494954091200006 0.031259662499999466 
0.08399661440999993 0.12468223898300047 0.030152719999999467 
0.08115798650009994 0.12334354977400014 0.029038684999999467 
0.07852356109214992 0.12297039030700055 0.021702807499999477 
0.07610878436764994 0.12254469585300055 0.020597517499999475 
0.07311152395824994 0.12122792805900055 0.01308957499999947 
0.07091126237439993 0.12121015383400055 0.012002957499999465 
0.06824548242119993 0.11957362291200056 0.010896082499999465 
0.06578262868344995 0.11883367112800057 0.0034142324999994664 
0.06354546363924993 0.11881600711400057 0.002327814999999467 
