9
5
15
7
15
12
17
5
1
7
6
2
18
19
16
3
14
8
15
1
13
14
7
5
6
18
19
2
16
3
4
12
11
7
1
17
13
19
5
6
18
2
16
4
3
8
11
12
19
17
1
18
13
7
5
6
2
16
3
4
11
12
17
5
7
1
19
6
18
2
4
16
3
11
8
19
12
18
3
13
4
5
7
10
6
17
1
18
19
2
16
11
3
4
12
8
11
8
1
17
13
19
5
6
18
2
16
3
4
5
7
11
12
17
1
13
19
18
6
2
16
3
4
5
7
11
12
17
1
2
19
18
16
3
4
8
11
1
17
13
19
5
6
18
7
2
16
3
4
17
8
13
1
19
12
18
2
16
3
4
11
8
1
17
13
5
7
18
19
6
2
16
3
4
11
12
8
17
1
5
7
6
19
18
2
16
4
3
8
12
17
13
1
19
6
18
2
4
16
3
11
12
8
17
13
1
5
19
6
18
2
16
3
4
11
8
17
1
13
19
5
6
18
2
16
3
4
17
1
13
2
19
11
5
6
18
16
3
4
11
12
8
1
19
17
5
6
18
2
3
16