669
638
696
644
718
567
686
637
775
739
816
789
847
769
839
857
778
757
610
877
868
789
909
777
829
889
868
835
796
899
848
877
859
878
899
789
907
856
948
966
943
918
877
976
799
885
817
997
905
775
926
1009
967
919
998
977
955
959
1017
1068
994
949
1019
949
1039
926
1087
1079
1097
1016
1057
1076
989
929
957
1116
956
889
969
904
1089
979
1088
1106
1048
1009
1086
908
999
1038
1068
1029
1102
1035
1020
988
1046
998
919
1006
928
1038
1095
919
1029
1008
1009
1018
1088
1055
966
969
917
984
1029
1099
1017
1086
1009
1049
1027
1059
1007
1023
1175
1028
1038
1019
1009
949
1137
1021
1069
988
1067
1048
953
1039
1004
981
987
1068
1078
898
919
1037
1009
809
1134
1069
938
1039
1129
1039
1078
1097
1018
1068
1039
1039
999
889
885
1058
1155
926
998
1108
1075
1068
1079
1038
1056
1098
1146
1108
1077
1106
946
1039
1028
1117
1107
999
959
1099
1086
1028
1086
1053
1019
1038
1039
1138
999
1109
1029
1056
1009
1108
1079
1048
1069
1144
828
858
1077
1149
953
1079
1117
1137
1117
939
1055
1097
1144
1058
1116
986
1039
1167
1119
1109
1049
1119
989
1136
977
1079
1037
1068
1068
1028
1083
1079
1007
1049
1099
1068
996
1127
1007
1128
1138
1146
1107
1129
989
1136
949
1106
1008
1135
1176
1077
1049
1117
1051
1127
1033
1127
1115
1145
1114
1125
1117
1128
1083
1147
1157
1095
969
1147
1055
1046
1127
1108
1146
1218
1099
1116
1079
1095
1158
1196
1049
1146
947
1125
1145
1139
1146
1147
995
1145
1166
1119
1178
1136
1188
1078
1057
867
1085
1168
1145
1127
1098
1138
1108
1098
1089
1136
1069
1169
1009
1175
1137
1236
1198
1176
1106
1048
1088
1173
968
1069
948
1038
1163
1139
1135
1067
1058
1215
1129
1148
1068
1167
1196
1168
1208
1109
1176
1214
1158
1147
1109
1049
935
1244
1175
1146
1176
1147
1079
1084
1158
1159
1039
1139
1098
1137
1009
1118
1207
1118
1016
1234
1157
1139
1124
1155
1155
1096
1180
1107
1185
1005
1099
1158
1149
1058
1219
1129
1197
1229
1084
1205
1199
1089
1158
1076
1049
1157
1023
1168
1226
1115
1099
1235
1155
1215
1107
1091
1058
1128
1146
1056
1136
1197
1099
1225
1167
1199
1174
1109
1189
1186
1118
1068
1177
1127
1146
1168
1059
1118
1177
1037
1165
1135
1187
1137
1208
1049
1215
1164
1175
1086
1138
1142
1097
1147
1088
1177
1167
1128
1138
1139
1047
1089
1068
1226
1129
1177
1038
1228
1078
1194
1126
1118
1068
1146
1069
1099
1145
1167
1176
1204
1178
1058
1105
1118
1155
1204
1166
1148
1191
1147
1147
1216
1109
1134
1196
1106
1166
999
1049
1179
1137
1126
1148
1089
1179
1207
1157
1128
1166
1119
1235
1197
1009
1167
1248
1226
1188
1108
1105
1147
1109
1216
1088
1109
1169
1108
1179
1195
1074
1148
1242
1078
1177
1125
1185
1088
1069
1234
1099
1118
1180
1158
1188
1119
1176
1139
1168
1108
1119
1208
1209
1195
1185
1225
1175
1215
1079
1139
1197
1119
1167
1146
1205
1189
1099
1155
1147
1225
1229
1109
1067
1192
1179
1252
1199
1234
1099
1049
1175
1235
1149
1186
1180
1079
1136
1216
1216
1194
1179
1208
1169
1245
1226
1186
1217
1227
1276
1148
1179
1118
1266
1189
1225
1178
1147
1237
1096
1216
1167
1194
1177
1168
1286
1078
1057
1206
1129
1188
1179
1213
1236
1207
1109
1125
1234
1219
1268
1179
1108
1188
1239
1077
1166
1137
1218
1158
1234
1199
1206
1079
1226
1129
1158
1119
1234
1196
1206
1242
1255
1187
1205
1185
1159
1208
1217
1138
1088
1127
1265
1254
1158
1223
1199
1138
1254
1187
1245
1179
1109
1193
1177
1088
1116
1195
1298
1078
1149
1199
1207
1268
1117
1224
1197
1166
1128
1197
1253
1206
1126
1227
1205
1234
1219
1149
1169
1209
1196
1137
1107
1199
1147
1219
1219
1188
1269
1258
1118
1218
1208
1197
1235
1226
1128
1167
1218
1217
1199
1236
1207
1275
1089
1264
1120
1138
1056
1235
1278
1216
1148
1198
1129
1197
1239
1129
1107
1217
1149
1159
1227
1157
1206
1188
1116
1177
1256
1259
1167
1148
1235
1189
1167
1232
1117
1175
1180
1214
1169
1178
1239
1146
1169
1199
1219
1263
1217
1249
1197
1178
1285
1276
1279
1159
1088
1188
1226
1167
1128
1169
1195
1206
1169
1187
1288
1206
1265
1204
1099
1225
1144
1197
1216
1226
1227
1228
1188
1234
1148
1195
1228
1176
1246
1173
1197
1242
1119
1139
1149
1226
1230
1197
1248
1208
1235
1099
1208
1237
1267
1206
1129
1269
1089
1189
1195
1249
1226
1253
1188
1188
1189
1148
1257
1275
1274
1254
1197
1215
1258
1189
1205
1246
1254
1205
1159
1256
1265
1247
1244
1238
1216
1239
1225
1176
1206
1273
1149
1247
1207
1247
1228
1098
1268
1148
1188
1156
1189
1198
1234
1285
1228
1198
1248
1198
1242
1244
1238
1197
1298
1178
1302
1198
1198
1309
1236
1237
1197
1197
1138
1156
1237
1069
1149
1208
1225
1198
1188
1197
1149
1224
1186
1187
1257
1176
1214
1184
1213
1266
1185
1253
1197
1227
1216
1137
1179
1207
1254
1168
1167
1199
1197
1256
1187
1245
1199
1229
1245
1217
1228
1129
1281
1116
1219
1267
1197
1178
1215
1267
1236
1246
1269
1284
1169
1208
1217
1238
1159
1218
1188
1264
1189
1167
1309
1235
1229
1118
1169
1196
1239
1164
1259
1228
1263
1207
1253
1219
1118
1188
1228
1209
1208
1198
1279
1188
1246
1217
1266
1217
1238
1285
1219
1178
1259
1287
1205
1256
1245
1188
1177
1229
1268
1258
1249
1198
1269
1249
1275
1179
1188
1235
1197
1219
1217
1274
1129
1218
1263
1313
1229
1204
1227
1255
1227
1178
1312
1167
1197
1253
1235
1187
1178
1168
1302
1224
1284
1098
1209
1225
1182
1307
1282
1332
1249
1197
1206
1217
1178
1178
1264
1216
1288
1273
1277
1158
1236
1158
1271
1303
1260
1178
1089
1255
1269
1177
1244
1206
1248
1236
1255
1216
1246
1279
1229
1227
1189
1149
1109
1257
1264
1205
1269
1249
1196
1176
1266
1234
1248
1219
1189
1284
1308
1267
1237
1207
1189
1226
1230
1218
1197
1248
1238
1247
1245
1254
1192
1278
1159
1159
1159
1259
1209
1129
1208
1199
1266
1225
1293
1207
1268
1293
1265
1229
1308
1246
1313
1287
1208
1168
1229
1198
1229
1191
1304
1251
1304
1254
1247
1257
1292
1236
1177
1235
1205
1293
1248
1199
1229
1189
1206
1218
1267
1256
1305
1239
1206
1283
1206
1274
1284
1292
1248
1298
1230
1229
1235
1238
1087
1193
1227
1217
1298
1169
1029
1206
1227
1257
1264
1265
1247
1226
1284
1267
1238
1218
1294
1254
1288
1285
1208
1169
1264
1277
1239
1255
1127
1218
1227
1329
1274
1198
1259
1215
1244
1264
1326
1158
1305
1229
1247
1296
1176
1228
1295
1197
1263
1273
1235
1257
1217
1207
1284
1268
1314
1235
1197
1234
1176
1236
1275
1244
1199
1249
1208
1265
1294
1236
1237
1216
1208
1286
1294
1186
1289
1268
1179
1255
1235
1289
1306
1228
1253
1239
1214
1216
1254
1187
1198
1187
1295
1288
1245
1283
1287
1331
1274
1208
1264
1168
1207
1197
1231
1249
1109
1267
1207
1268
1302
1279
1237
1227
1179
1236
1227
1138
1207
1129
1256
1277
1216
1225
1283
1138
1245
1265
1157
1236
1178
1265
1199
1207
1245
1249
1325
1149
1268
1285
1168
1156
1207
1235
1285
1208
1246
1264
1322
1228
1266
1241
1206
1237
1189
1244
1248
1264
1195
1288
1289
1288
1236
1179
1128
1274
1199
1218
1253
1312
1285
1219
1252
1237
1159
1206
1264
1299
1255
1189
1256
1237
1266
1138
1196
1228
1219
1275
1237
1216
1282
1266
1246
1294
1259
1199
1289
1265
1292
1174
1198
1226
1245
1285
1257
1215
1129
1205
1263
1238
1129
1089
1297
1287
1178
1223
1245
1287
1322
1244
1228
1177
1264
1289
1277
1195
1274
1199
1342
1139
1198
1319
1289
1178
1245
1149
1187
1276
1275
1278
1286
1227
1186
1267
1216
1266
1274
1338
1285
1179
1246
1289
1178
1186
1285
1255
1268
1307
1297
1298
1294
1287
1297
1304
1259
1293
1198
1157
1236
1275
1179
1259
1255
1189
1245
1314
1305
1289
1249
1284
1189
1284
1246
1236
1216
1256
1288
1246
1235
1309
1159
1168
1315
1283
1178
1326
1257
1227
1277
1226
1229
1292
1294
1238
1303
1277
1206
1278
1316
1218
1218
1287
1256
1158
1259
1258
1313
1256
1279
1256
1219
1235
1149
1228
1178
1209
1236
1288
1274
1239
1299
1217
1247
1277
1278
1138
1307
1249
1297
1248
1208
1258
1189
1276
1314
1119
1246
1196
1207
1208
1259
1229
1294
1258
1324
1299
1268
1266
1275
1266
1265
1273
1295
1238
1318
1293
1269
1276
1248
1249
1297
1258
1269
1257
1208
1245
1308
1296
1303
1198
1169
1264
1238
1215
1263
1315
1255
1306
1305
1209
1227
1245
1279
1326
1266
1266
1308
1218
1284
1265
1237
1294
1189
1218
1207
1313
1265
1294
1259
1354
1266
1159
1323
1198
1257
1286
1209
1294
1257
1189
1258
1226
1187
1307
1297
1228
1237
1279
1274
1297
1224
1298
1303
1227
1276
1332
1267
1235
1218
1238
1256
1282
1238
1199
1306
1274
1237
1315
1298
1335
1259
1246
1179
1246
1249
1189
1178
1278
1283
1278
1277
1245
1249
1236
1204
1286
1229
1218
1304
1249
1263
1188
1179
1305
1318
1214
1275
1253
1222
1298
1167
1324
1345
1285
1296
1296
1169
1312
1314
1236
1294
1173
1238
1255
1300
1235
1237
1314
1237
1347
1291
1316
1288
1304
1277
1209
1293
1325
1283
1295
1275
1170
1187
1318
1266
1285
1265
1249
1350
1267
1295
1297
1269
1277
1255
1278
1239
1179
1254
1335
1277
1324
1160
1182
1276
1244
1246
1296
1226
1304
1295
1247
1279
1227
1316
1255
1199
1278
1269
1249
1258
1298
1305
1255
1305
1289
1259
1245
1207
1197
1285
1327
1244
1288
1256
1295
1306
1228
1228
1282
1328
1159
1205
1323
1268
1238
1289
1307
1309
1275
1284
1293
1209
1284
1264
1316
1207
1275
1207
1264
1198
1275
1187
1229
1177
1229
1284
1286
1226
1289
1279
1306
1306
1267
1259
1353
1168
1279
1199
1292
1245
1257
1279
1316
1316
1298
1267
1225
1287
1284
1285
1246
1277
1298
1267
1284
1218
1289
1214
1343
1259
1248
1315
1285
1285
1312
1215
1288
1158
1274
1279
1246
1186
1226
1286
1237
1228
1306
1299
1257
1286
1324
1216
1237
1268
1274
1282
1286
1257
1287
1295
1254
1329
1289
1314
1349
1246
1228
1237
1236
1248
1296
1163
1316
1198
1263
1268
1336
1355
1186
1265
1258
1259
1268
1253
1227
1265
1336
1268
1179
1278
1303
1179
1292
1139
1331
1276
1303
1314
1292
1237
1219
1179
1276
1264
1287
1248
1268
1344
1269
1198
1238
1257
1289
1309
1257
1276
1244
1279
1173
1247
1277
1285
1293
1278
1303
1208
1308
1259
1297
1208
1297
1286
1276
1342
1229
1331
1178
1218
1248
1258
1269
1278
1305
1299
1189
1247
1229
1196
1189
1259
1321
1305
1257
1309
1296
1261
1278
1239
1199
1279
1228
1289
1283
1318
1246
1197
1237
1267
1216
1289
1188
1279
1331
1315
1229
1294
1248
1277
1236
1199
1299
1266
1296
1304
1236
1229
1208
1217
1228
1239
1235
1338
1258
1358
1307
1294
1238
1327
1248
1294
1268
1297
1239
1298
1254
1278
1335
1259
1307
1334
1304
1306
1277
1309
1269
1159
1321
1229
1219
1295
1227
1129
1335
1329
1217
1307
1317
1287
1169
1238
1238
1306
1159
1197
1265
1324
1189
1251
1199
1258
1294
1355
1209
1322
1239
1268
1314
1325
1299
1249
1277
1275
1256
1279
1216
1246
1289
1199
1199
1266
1338
1243
1279
1219
1266
1217
1249
1246
1336
1275
1249
1314
1247
1257
1246
1198
1294
1285
1235
1237
1209
1325
1348
1283
1337
1257
1288
1344
1259
1286
1228
1239
1323
1286
1245
1296
1259
1209
1216
1275
1334
1169
1199
1318
1326
1256
1248
1209
1287
1296
1303
1289
1168
1229
1199
1211
1313
1286
1266
1227
1262
1256
1298
1249
1269
1198
1294
1197
1275
1246
1266
1287
1307
1203
1337
1288
1208
1309
1296
1321
1324
1268
1209
1289
1288
1277
1302
1297
1338
1328
1276
1227
1277
1277
1238
1315
1275
1275
1307
1337
1208
1315
1366
1285
1316
1345
1168
1288
1286
1285
1286
1323
1331
1229
1329
1295
1188
1332
1259
1297
1218
1245
1317
1264
1359
1138
1296
1257
1332
1307
1229
1258
1197
1342
1278
1277
1356
1267
1272
1277
1227
1268
1275
1265
1256
1229
1264
1248
1237
1347
1209
1284
1344
1299
1168
1299
1247
1308
1274
1336
1318
1299
1284
1356
1228
1219
1303
1237
1199
1222
1297
1179
1305
1314
1246
1266
1296
1313
1259
1297
1315
1299
1256
1316
1336
1333
1257
1293
1225
1319
1307
1306
1237
1265
1328
1306
1326
1247
1216
1207
1277
1273
1248
1278
1289
1279
1295
1158
1293
1249
1275
1248
1246
1279
1247
1294
1255
1248
1257
1228
1269
1248
1312
1299
1305
1269
1307
1286
1322
1259
1298
1189
1307
1324
1307
1284
1268
1294
1284
1296
1274
1239
1275
1284
1169
1277
1297
1239
1286
1178
1275
1239
1254
1285
1284
1236
1268
1304
1335
1267
1249
1269
1258
1308
1249
1307
1269
1346
1229
1304
1346
1297
1272
1284
1309
1209
1285
1298
1279
1244
1149
1343
1298
1328
1174
1288
1316
1246
1255
1315
1278
1328
1274
1298
1159
1206
1216
1277
1334
1308
1288
1248
1338
1316
1296
1264
1318
1239
1278
1351
1258
1258
1285
1316
1286
1343
1304
1178
1294
1259
1314
1255
1279
1180
1357
1274
1295
1296
1307
1298
1288
1275
1208
1277
1249
1334
1269
1296
1267
1325
1336
1276
1256
1287
1278
1217
1298
1247
1209
1246
1239
1317
1287
1238
1229
1346
1215
1268
1269
1289
1208
1228
1248
1285
1329
1325
1269
1298
1267
1346
1219
1259
1208
1299
1323
1198
1307
1198
1169
1259
1351
1297
1289
1349
1297
1353
1242
1169
1273
1309
1255
1256
1325
1316
1288
1279
1263
1237
1307
1189
1246
1249
1297
1239
1266
1329
1305
1287
1327
1246
1316
1328
1258
1335
1306
1314
1239
1322
1303
1259
1237
1266
1218
1269
1309
1309
1316
1288
1267
1307
1239
1279
1327
1283
1302
1219
1265
1288
1216
1258
1299
1297
1312
1256
1288
1256
1296
1274
1341
1269
1268
1306
1305
1308
1270
1347
1249
1208
1285
1256
1237
1317
1285
1307
1344
1298
1317
1296
1339
1307
1308
1264
1315
1279
1307
1283
1366
1339
1307
1249
1335
1288
1257
1275
1279
1287
1306
1284
1256
1179
1286
1325
1284
1307
1198
1318
1297
1321
1276
1278
1308
1288
1238
1286
1238
1318
1257
1279
1295
1266
1356
1279
1277
1307
1364
1288
1301
1249
1258
1257
1248
1353
1318
1237
1244
1304
1198
1287
1274
1328
1196
1278
1277
1235
1333
1239
1279
1324
1249
1309
1312
1343
1295
1304
1318
1327
1228
1208
1208
1317
1298
1305
1237
1315
1316
1269
1364
1247
1299
1287
1341
1289
1296
1279
1286
1267
1286
1228
1278
1266
1319
1327
1277
1366
1332
1336
1297
1219
1348
1288
1255
1279
1325
1316
1314
1268
1318
1188
1313
1316
1161
1279
1219
1278
1238
1325
1323
1289
1314
1306
1278
1278
1288
1247
1323
1208
1305
1313
1275
1307
1287
1266
1288
1275
1246
1318
1267
1289
1348
1238
1267
1255
1258
1276
1197
1246
1238
1288
1297
1306
1358
1344
1359
1313
1299
1356
1336
1229
1287
1299
1324
1317
1308
1256
1308
1299
1246
1284
1288
1305
1234
1319
1256
1278
1319
1277
1286
1286
1303
1243
1256
1198
1306
1249
1298
1298
1289
1269
1265
1308
1326
1309
1318
1267
1249
1279
1245
1219
1322
1338
1228
1297
1259
1323
1357
1288
1337
1298
1286
1235
1316
1296
1343
1239
1308
1249
1239
1267
1237
1317
1288
1249
1298
1286
1269
1338
1298
1293
1324
1138
1239
1335
1343
1278
1329
1346
1288
1334
1246
1266
1325
1325
1293
1177
1278
1258
1338
1316
1278
1319
1343
1313
1354
1266
1270
1237
1363
1287
1305
1298
1239
1336
1269
1268
1361
1286
1276
1278
1333
1236
1316
1269
1199
1229
1335
1286
1319
1329
1295
1317
1267
1267
1318
1249
1276
1288
1267
1237
1229
1303
1298
1246
1287
1289
1315
1359
1228
1323
1298
1298
1218
1278
1259
1286
1188
1288
1246
1308
1293
1353
1298
1279
1289
1296
1299
1248
1308
1296
1247
1289
1287
1226
1316
1247
1217
1365
1306
1258
1277
1254
1352
1237
1334
1248
1297
1306
1267
1229
1239
1247
1219
1324
1344
1316
1268
1316
1234
1359
1299
1289
1288
1299
1316
1265
1277
1227
1288
1307
1257
1276
1358
1189
1217
1219
1314
1327
1295
1354
1289
1341
1295
1334
1332
1292
1279
1188
1326
1288
1306
1218
1269
1343
1317
1278
1299
1279
1268
1226
1228
1325
1317
1217
1309
1167
1279
1296
1352
1302
1287
1285
1317
1314
1334
1319
1189
1323
1246
1325
1307
1269
1259
1289
1305
1269
1279
1256
1209
1256
1316
1354
1308
1316
1343
1305
1277
1317
1355
1259
1286
1266
1329
1327
1178
1286
1249
1304
1316
1348
1329
1288
1287
1269
1334
1353
1334
1267
1247
1344
1288
1369
1317
1344
1234
1305
1257
1246
1287
1239
1259
1308
1292
1343
1239
1357
1322
1329
1334
1326
1296
1269
1237
1336
1276
1288
1257
1268
1248
1295
1306
1199
1158
1324
1353
1284
1332
1288
1278
1237
1300
1323
1289
1332
1336
1338
1259
1250
1357
1256
1354
1338
1266
1217
1299
1238
1348
1249
1369
1297
1269
1293
1317
1267
1289
1328
1344
1265
1269
1297
1306
1299
1295
1268
1237
1324
1276
1353
1218
1327
1298
1239
1249
1258
1284
1298
1315
1293
1296
1258
1207
1278
1270
1324
1257
1246
1306
1296
1288
1254
1277
1345
1352
1324
1326
1298
1268
1217
1299
1309
1354
1337
1317
1268
1305
1304
1275
1279
1276
1259
1296
1299
1246
1287
1286
1239
1249
1339
1286
1363
1317
1307
1357
1275
1343
1287
1333
1338
1279
1315
1229
1306
1309
1236
1272
1324
1278
1314
1292
1278
1228
1337
1249
1274
1297
1297
1299
1246
1296
1289
1327
1329
1259
1208
1326
1329
1268
1353
1258
1297
1335
1316
1217
1316
1365
1287
1299
1369
1335
1337
1306
1289
1344
1335
1293
1306
1256
1335
1303
1289
1199
1295
1335
1326
1299
1326
1297
1268
1306
1277
1298
1237
1258
1268
1246
1366
1338
1209
1336
1267
1332
1339
1296
1207
1359
1267
1296
1316
1266
1339
1299
1229
1269
1246
1277
1297
1259
1307
1199
1296
1345
1279
1275
1306
1325
1337
1268
1289
1240
1335
1287
1189
1319
1347
1277
1346
1249
1189
1327
1269
1296
1266
1266
1313
1198
1179
1264
1278
1288
1248
1256
1228
1372
1323
1358
1374
1336
1345
1229
1275
1239
1288
1276
1247
1278
1336
1259
1361
1354
1278
1279
1299
1257
1285
1217
1318
1342
1299
1226
1319
1359
1315
1287
1372
1273
1314
1269
1288
1239
1275
1333
1343
1299
1209
1239
1286
1332
1228
1295
1267
1337
1316
1327
1287
1314
1288
1276
1289
1348
1278
1308
1239
1299
1257
1286
1259
1308
1284
1296
1346
1312
1317
1326
1307
1269
1249
1257
1216
1308
1247
1238
1289
1335
1304
1278
1228
1278
1298
1318
1332
1325
1258
1296
1238
1317
1319
1293
1355
1287
1357
1349
1256
1335
1268
1308
1325
1297
1268
1286
1316
1207
1325
1299
1336
1249
1258
1313
1228
1289
1234
1237
1276
1288
1307
1324
1296
1239
1278
1336
1325
1315
1249
1294
1247
1333
1284
1285
1276
1249
1277
1278
1239
1208
1353
1339
1345
1269
1296
1319
1299
1238
1336
1279
1328
1324
1329
1299
1277
1310
1279
1259
1306
1328
1308
1325
1304
1326
1308
1317
1209
1354
1275
1334
1268
1324
1287
1285
1244
1289
1295
1255
1322
1269
1325
1315
1249
1261
1269
1315
1338
1286
1297
1319
1269
1339
1259
1286
1328
1327
1317
1318
1256
1289
1279
1335
1299
1298
1353
1308
1244
1297
1347
1256
1308
1274
1313
1346
1179
1327
1298
1299
1267
1187
1287
1334
1276
1256
1316
1279
1239
1307
1218
1315
1212
1275
1379
1306
1344
1344
1327
1237
1338
1189
1367
1226
1249
1314
1335
1336
1314
1347
1249
1339
1269
1235
1137
1287
1357
1275
1275
1324
1296
1278
1316
1338
1266
1266
1269
1288
1238
1278
1268
1287
1359
1119
1186
1296
1267
1318
1278
1295
1354
1352
1305
1256
1277
1326
1298
1335
1317
1298
1348
1249
1259
1289
1299
1344
1266
1345
1317
1239
1219
1277
1268
1284
1354
1308
1345
1354
1353
1287
1275
1269
1249
1283
1254
1279
1303
1318
1306
1306
1286
1239
1344
1324
1364
1256
1237
1279
1364
1359
1366
1315
1357
1307
1244
1319
1229
1277
1287
1258
1306
1289
1325
1328
1335
1286
1277
1209
1267
1239
1249
1268
1289
1327
1343
1363
1289
1304
1315
1306
1315
1248
1304
1308
1353
1343
1308
1284
1288
1249
1289
1268
1297
1321
1269
1189
1289
1314
1289
1239
1266
1197
1304
1310
1337
1265
1236
1278
1338
1238
1269
1281
1261
1219
1319
1296
1307
1286
1353
1227
1319
1336
1258
1267
1285
1247
1307
1275
1335
1247
1227
1289
1209
1268
1375
1306
1324
1277
1229
1361
1317
1218
1293
1269
1269
1316
1296
1303
1196
1276
1275
1229
1286
1323
1333
1254
1274
1328
1268
1318
1217
1298
1258
1279
1329
1309
1317
1316
1239
1299
1285
1226
1358
1329
1304
1317
1308
1266
1314
1313
1285
1256
1264
1324
1334
1269
1269
1335
1315
1279
1277
1313
1288
1295
1335
1336
1278
1293
1229
1249
1306
1278
1258
1351
1289
1278
1288
1208
1343
1306
1289
1297
1324
1229
1288
1298
1337
1295
1348
1296
1301
1228
1318
1294
1334
1295
1293
1273
1296
1342
1323
1346
1305
1307
1311
1268
1319
1310
1336
1189
1338
1355
1248
1268
1229
1353
1303
1259
1305
1376
1324
1267
1362
1351
1285
1296
1314
1316
1353
1308
1189
1305
1315
1333
1255
1278
1316
1343
1238
1291
1359
1288
1316
1298
1278
1313
1335
1304
1218
1313
1218
1322
1309
1289
1269
1307
1336
1335
1305
1354
1297
1342
1278
1269
1289
1269
1236
1308
1238
1315
1308
1268
1296
1278
1257
1304
1325
1307
1299
1328
1259
1326
1314
1258
1337
1259
1274
1229
1315
1319
1361
1298
1278
1343
1334
1239
1338
1325
1375
1249
1255
1307
1325
1298
1272
1285
1286
1363
1204
1194
1305
1276
1204
1307
1218
1295
1278
1316
1288
1278
1259
1278
1334
1296
1294
1335
1353
1336
1238
1235
1325
1339
1299
1347
1296
1299
1316
1369
1294
1323
1307
1284
1289
1288
1318
1366
1327
1303
1288
1265
1295
1319
1335
1306
1299
1318
1164
1228
1278
1285
1266
1342
1313
1317
1276
1343
1338
1366
1289
1289
1227
1342
1316
1335
1328
1279
1308
1269
1297
1315
1279
1268
1286
1278
1317
1285
1265
1287
1323
1258
1278
1356
1209
1246
1266
1343
1249
1296
1306
1324
1246
1334
1280
1313
1199
1287
1314
1349
1337
1326
1352
1307
1296
1259
1299
1307
1356
1315
1246
1267
1364
1306
1272
1323
1337
1257
1286
1246
1344
1286
1309
1308
1248
1366
1327
1321
1292
1267
1348
1346
1362
1315
1353
1279
1278
1288
1278
1307
1298
1334
1343
1269
1289
1368
1287
1249
1326
1347
1310
1358
1282
1329
1285
1329
1278
1308
1317
1315
1285
1318
1327
1244
1318
1238
1325
1259
1249
1308
1338
1296
1343
1296
1238
1308
1318
1259
1345
1327
1288
1296
1297
1308
1325
1297
1303
1324
1308
1342
1307
1249
1325
1337
1323
1287
1336
1256
1298
1286
1237
1317
1314
1337
1325
1279
1288
1296
1246
1358
1355
1318
1267
1259
1179
1315
1287
1304
1306
1275
1345
1237
1305
1276
1347
1309
1299
1334
1353
1343
1329
1322
1289
1306
1298
1283
1315
1313
1319
1306
1299
1315
1345
1345
1169
1295
1235
1269
1285
1149
1256
1208
1325
1296
1298
1327
1279
1308
1327
1369
1298
1315
1269
1327
1324
1317
1257
1326
1288
1285
1355
1316
1299
1354
1307
1296
1345
1268
1343
1322
1315
1308
1279
1237
1229
1349
1295
1319
1324
1329
1288
1289
1258
1326
1227
1286
1336
1284
1353
1268
1278
1354
1282
1317
1249
1259
1316
1325
1349
1284
1295
1238
1285
1318
1307
1300
1278
1266
1338
1279
1357
1209
1307
1352
1307
1296
1288
1267
1249
1286
1277
1315
1297
1228
1329
1325
1313
1248
1278
1247
1279
1229
1334
1329
1278
1377
1338
1335
1329
1318
1279
1286
1309
1258
1317
1352
1348
1306
1367
1342
1322
1267
1314
1348
1325
1245
1338
1297
1289
1334
1287
1307
1325
1304
1316
1277
1168
1346
1299
1274
1362
1189
1334
1327
1297
1287
1358
1295
1314
1219
1267
1324
1298
1268
1299
1324
1288
1308
1237
1346
1357
1323
1336
1296
1279
1302
1315
1327
1288
1237
1338
1256
1308
1269
1326
1295
1334
1335
1288
1257
1334
1258
1308
1316
1333
1295
1342
1268
1316
1227
1279
1365
1296
1269
1286
1286
1303
1342
1317
1329
1292
1366
1359
1349
1337
1334
1269
1324
1249
1337
1278
1294
1299
1257
1257
1347
1316
1309
1268
1179
1363
1343
1248
1336
1305
1355
1229
1278
1318
1336
1359
1279
1275
1287
1334
1325
1334
1267
1266
1347
1302
1306
1219
1277
1298
1355
1344
1289
1268
1288
1279
1316
1328
1316
1269
1265
1284
1313
1279
1258
1326
1275
1259
1358
1268
1326
1340
1246
1306
1268
1249
1301
1309
1357
1278
1308
1218
1330
1295
1318
1357
1317
1315
1285
1346
1289
1304
1334
1344
1305
1278
1289
1329
1337
1324
1295
1347
1288
1311
1318
1337
1218
1268
1288
1326
1333
1308
1267
1288
1298
1285
1324
1324
1259
1277
1278
1337
1258
1334
1296
1314
1325
1285
1265
1338
1277
1299
1308
1349
1340
1308
1277
1315
1353
1268
1265
1296
1328
1285
1289
1267
1269
1344
1291
1237
1305
1239
1239
1306
1316
1297
1309
1296
1278
1287
1335
1314
1295
1327
1285
1317
1345
1327
1304
1292
1316
1256
1326
1279
1325
1317
1213
1291
1298
1317
1228
1198
1315
1249
1336
1305
1345
1287
1315
1368
1305
1278
1275
1307
1344
1308
1296
1342
1327
1356
1289
1256
1267
1239
1308
1299
1239
1334
1227
1259
1289
1308
1297
1239
1256
1285
1279
1313
1257
1297
1318
1280
1299
1258
1325
1318
1335
1339
1307
1308
1319
1347
1283
1315
1317
1317
1336
1375
1319
1306
1309
1303
1359
1273
1307
1276
1367
1277
1209
1249
1318
1347
1338
1208
1364
1376
1307
1294
1324
1288
1345
1315
1279
1329
1324
1287
1308
1266
1340
1327
1316
1325
1366
1278
1298
1342
1277
1367
1315
1306
1338
1286
1149
1313
1308
1316
1307
1334
1259
1239
1316
1294
1325
1317
1316
1336
1239
1354
1247
1249
1296
1279
1344
1348
1298
1218
1221
1337
1343
1284
1268
1237
1289
1268
1259
1348
1294
1309
1318
1247
1317
1338
1335
1335
1275
1288
1299
1188
1307
1337
1268
1344
1288
1305
1327
1317
1265
1278
1369
1339
1245
1307
1320
1287
1355
1299
1279
1368
1308
1245
1268
1286
1320
1339
1296
1284
1269
1304
1323
1353
1257
1259
1266
1288
1286
1299
1309
1346
1237
1243
1334
1357
1248
1328
1339
1278
1295
1328
1258
1326
1359
1287
1294
1309
1279
1339
1226
1334
1329
1259
1318
1289
1299
1337
1277
1258
1359
1327
1323
1259
1249
1298
1345
1317
1305
1238
1343
1361
1356
1296
1288
1362
1226
1307
1269
1257
1298
1327
1279
1281
1237
1296
1354
1305
1333
1246
1327
1326
1352
1288
1327
1298
1250
1193
1349
1292
1285
1317
1326
1297
1239
1325
1309
1338
1325
1316
1306
1362
1357
1349
1345
1326
1339
1299
1248
1288
1317
1327
1341
1229
1349
1269
1359
1328
1199
1308
1318
1238
1359
1209
1334
1308
1288
1329
1312
1306
1295
1361
1272
1329
1335
1307
1333
1316
1353
1279
1249
1218
1287
1238
1282
1277
1354
1286
1356
1307
1323
1306
1258
1269
1309
1337
1305
1299
1359
1315
1278
1295
1277
1248
1285
1315
1325
1325
1309
1308
1268
1218
1307
1287
1248
1257
1294
1299
1248
1315
1258
1296
1279
1269
1364
1347
1308
1267
1306
1277
1318
1321
1307
1279
1355
1240
1247
1378
1365
1307
1306
1335
1307
1306
1317
1258
1255
1250
1228
1349
1288
1266
1351
1305
1334
1296
1266
1335
1209
1326
1317
1334
1296
1336
1285
1278
1297
1267
1306
1305
1306
1328
1287
1342
1278
1343
1343
1259
1256
1323
1317
1299
1345
1367
1326
1314
1259
1357
1304
1343
1353
1323
1315
1327
1318
1296
1308
1343
1306
1317
1321
1211
1338
1279
1337
1329
1339
1269
1346
1325
1258
1339
1297
1277
1327
1326
1306
1318
1322
1248
1315
1336
1266
1358
1293
1375
1289
1356
1269
1347
1374
1319
1359
1338
1317
1335
1139
1324
1372
1297
1304
1287
1249
1298
1299
1297
1287
1348
1326
1324
1364
1189
1317
1338
1301
1369
1294
1309
1278
1313
1372
1317
1317
1362
1267
1344
1258
1335
1299
1355
1295
1305
1277
1329
1287
1277
1269
1355
1278
1342
1286
1298
1237
1209
1296
1349
1314
1359
1333
1277
1279
1268
1268
1344
1286
1315
1256
1329
1299
1209
1306
1315
1299
1247
1356
1323
1295
1246
1343
1325
1317
1239
1335
1267
1333
1366
1298
1288
1327
1189
1355
1289
1267
1332
1237
1348
1307
1376
1258
1324
1326
1295
1263
1307
1286
1324
1314
1327
1188
1278
1275
1298
1344
1353
1344
1239
1368
1308
1297
1308
1316
1326
1348
1333
1349
1359
1334
1327
1330
1356
1304
1196
1307
1303
1317
1259
1184
1288
1317
1309
1354
1339
1309
1309
1288
1345
1249
1284
1327
1366
1268
1278
1287
1361
1275
1267
1312
1297
1285
1299
1337
1336
1312
1324
1376
1298
1309
1308
1288
1325
1248
1351
1362
1293
1289
1297
1317
1297
1317
1258
1308
1288
1334
1375
1315
1346
1285
1347
1287
1337
1278
1289
1356
1327
1299
1288
1343
1288
1289
1337
1278
1335
1319
1298
1356
1319
1348
1348
1326
1324
1299
1298
1347
1324
1282
1297
1300
1363
1319
1325
1305
1348
1342
1334
1267
1326
1289
1343
1269
1324
1315
1344
1287
1259
1295
1238
1279
1299
1328
1309
1278
1349
1324
1295
1318
1314
1318
1333
1334
1356
1353
1259
1257
1278
1288
1349
1358
1327
1285
1346
1287
1349
1256
1329
1288
1276
1293
1238
1259
1297
1288
1366
1316
1288
1326
1296
1257
1299
1258
1288
1267
1326
1239
1318
1238
1316
1277
1304
1266
1282
1227
1328
1328
1304
1278
1289
1332
1362
1315
1317
1324
1322
1334
1317
1306
1267
1294
1372
1239
1306
1267
1334
1248
1353
1237
1335
1327
1299
1327
1338
1322
1259
1306
1337
1333
1316
1248
1315
1344
1354
1353
1307
1279
1179
1279
1277
1315
1344
1310
1315
1348
1305
1305
1246
1335
1306
1306
1288
1323
1245
1316
1239
1317
1268
1267
1297
1315
1276
1306
1279
1315
1258
1308
1319
1329
1308
1324
1320
1257
1348
1316
1308
1279
1269
1196
1334
1356
1302
1306
1322
1294
1298
1351
1296
1298
1359
1288
1246
1317
1259
1257
1305
1209
1352
1294
1277
1348
1306
1287
1317
1317
1257
1294
1208
1308
1371
1218
1287
1274
1326
1348
1352
1288
1358
1335
1288
1295
1241
1305
1343
1324
1309
1346
1335
1267
1336
1372
1318
1337
1336
1351
1333
1298
1277
1339
1314
1297
1336
1344
1318
1359
1363
1335
1328
1307
1309
1317
1309
1344
1308
1288
1359
1335
1218
1289
1318
1339
1266
1227
1305
1345
1297
1337
1336
1307
1275
1268
1317
1296
1317
1273
1345
1219
1316
1353
1275
1308
1257
1199
1256
1297
1319
1334
1306
1277
1328
1269
1319
1316
1307
1268
1343
1309
1342
1349
1269
1279
1344
1327
1357
1334
1365
1217
1339
1279
1305
1289
1353
1324
1368
1289
1369
1344
1357
1287
1289
1315
1361
1302
1279
1307
1255
1209
1278
1311
1319
1288
1375
1275
1286
1248
1298
1235
1315
1268
1316
1255
1259
1357
1357
1299
1266
1362
1298
1345
1303
1314
1279
1317
1314
1275
1298
1298
1344
1364
1269
1348
1298
1323
1280
1310
1344
1329
1333
1269
1357
1328
1358
1325
1299
1277
1325
1247
1344
1258
1289
1304
1249
1277
1343
1285
1299
1347
1309
1289
1314
1275
1218
1317
1297
1324
1353
1297
1317
1329
1355
1319
1279
1279
1280
1347
1298
1326
1318
1308
1253
1238
1348
1328
1319
1365
1219
1338
1285
1289
1329
1337
1364
1238
1327
1246
1308
1309
1285
1326
1278
1326
1328
1326
1237
1238
1317
1334
1315
1276
1269
1209
1353
1370
1328
1363
1352
1333
1316
1289
1333
1358
1313
1335
1294
1366
1279
1278
1306
1278
1316
1297
1297
1329
1266
1279
1334
1286
1307
1287
1307
1328
1379
1313
1295
1327
1316
1315
1271
1293
1307
1299
1297
1288
1317
1348
1343
1337
1309
1308
1325
1356
1288
1327
1344
1287
1339
1248
1249
1340
1326
1289
1298
1298
1337
1325
1272
1347
1309
1288
1297
1298
1305
1297
1296
1318
1370
1324
1298
1335
1308
1326
1326
1343
1248
1267
1239
1297
1333
1346
1327
1316
1249
1255
1334
1268
1308
1307
1266
1308
1315
1248
1256
1258
1328
1298
1306
1344
1329
1277
1208
1305
1309
1316
1326
1345
1335
1289
1317
1279
1225
1295
1299
1298
1299
1348
1316
1289
1339
1355
1285
1316
1352
1227
1295
1313
1288
1348
1294
1279
1298
1269
1305
1314
1297
1297
1318
1317
1278
1354
1285
1319
1345
1362
1238
1355
1249
1324
1314
1324
1314
1323
1308
1366
1323
1308
1329
1259
1268
1269
1316
1297
1284
1267
1248
1324
1367
1305
1277
1353
1319
1317
1287
1344
1315
1307
1306
1259
1317
1337
1327
1297
1267
1343
1297
1338
1299
1356
1272
1269
1337
1307
1328
1298
1296
1239
1326
1315
1317
1306
1294
1317
1309
1289
1278
1315
1297
1328
1329
1361
1337
1277
1276
1318
1267
1329
1279
1306
1303
1247
1289
1287
1354
1269
1319
1258
1284
1314
1337
1281
1298
1308
1349
1296
1367
1258
1248
1341
1306
1288
1267
1309
1306
1365
1297
1295
1319
1308
1296
1325
1306
1336
1336
1343
1242
1358
1317
1336
1269
1333
1278
1317
1374
1327
1296
1249
1334
1352
1265
1259
1279
1189
1352
1356
1326
1294
1249
1376
1262
1307
1349
1318
1336
1308
1284
1358
1289
1268
1336
1326
1362
1349
1279
1308
1246
1306
1318
1285
1326
1287
1276
1307
1355
1347
1296
1368
1357
1325
1326
1268
1348
1297
1318
1319
1328
1286
1327
1315
1296
1353
1344
1267
1307
1298
1337
1318
1229
1306
1276
1259
1297
1334
1277
1328
1294
1297
1356
1325
1268
1298
1299
1309
1367
1286
1297
1299
1313
1268
1308
1275
1376
1266
1258
1286
1299
1326
1288
1358
1343
1289
1316
1353
1287
1285
1312
1285
1355
1335
1327
1307
1258
1303
1287
1356
1326
1317
1343
1281
1347
1278
1298
1247
1342
1334
1309
1308
1306
1324
1315
1246
1345
1297
1379
1239
1289
1317
1365
1309
1344
1308
1305
1307
1285
1319
1249
1249
1338
1289
1259
1287
1327
1303
1325
1287
1317
1334
1364
1316
1233
1325
1336
1358
1314
1362
1298
1315
1303
1258
1335
1335
1239
1259
1268
1325
1378
1373
1367
1288
1247
1348
1344
1348
1247
1303
1326
1308
1281
1294
1306
1246
1277
1269
1333
1335
1279
1277
1239
1259
1287
1275
1323
1325
1276
1325
1288
1277
1289
1333
1333
1328
1306
1349
1308
1339
1275
1269
1339
1346
1362
1277
1356
1229
1299
1329
1189
1269
1344
1273
1337
1316
1345
1317
1308
1332
1354
1336
1308
1328
1329
1317
1316
1296
1269
1326
1257
1315
1352
1288
1289
1289
1284
1208
1247
1259
1289
1279
1354
1259
1343
1329
1359
1258
1327
1298
1326
1275
1259
1327
1339
1339
1269
1267
1337
1349
1334
1316
1239
1315
1345
1298
1325
1268
1326
1357
1334
1339
1169
1228
1349
1297
1339
1191
1269
1329
1325
1304
1337
1308
1334
1353
1279
1339
1306
1289
1297
1363
1297
1317
1358
1332
1315
1239
1327
1329
1317
1323
1295
1307
1327
1308
1248
1370
1289
1334
1325
1379
1314
1278
1295
1343
1297
1348
1302
1374
1317
1370
1272
1345
1358
1292
1358
1354
1296
1309
1249
1308
1354
1346
1318
1318
1326
1288
1249
1374
1348
1271
1304
1317
1356
1305
1328
1344
1315
1307
1243
1268
1239
1320
1297
1345
1298
1299
1317
1356
1305
1335
1300
1279
1241
1318
1267
1345
1313
1248
1327
1238
1327
1327
1258
1325
1307
1288
1323
1326
1287
1326
1337
1328
1288
1324
1289
1354
1229
1315
1259
1307
1248
1362
1261
1336
1304
1358
1269
1335
1335
1296
1336
1288
1307
1278
1344
1364
1322
1345
1299
1310
1279
1348
1326
1326
1317
1336
1222
1336
1287
1329
1288
1344
1349
1349
1352
1237
1306
1365
1363
1306
1307
1297
1275
1319
1229
1276
1239
1288
1364
1199
1269
1279
1327
1315
1321
1292
1326
1366
1288
1329
1305
1326
1296
1305
1354
1272
1298
1316
1209
1358
1336
1345
1375
1365
1345
1299
1349
1354
1269
1339
1288
1308
1308
1288
1329
1297
1353
1289
1346
1325
1347
1325
1284
1313
1218
1324
1279
1269
1349
1238
1258
1286
1335
1347
1307
1281
1284
1279
1289
1298
1299
1297
1269
1279
1269
1308
1307
1289
1327
1366
1339
1328
1346
1339
1259
1299
1350
1318
1372
1374
1333
1318
1335
1309
1319
1296
1249
1303
1272
1332
1287
1306
1335
1317
1289
1337
1305
1216
1299
1289
1299
1355
1317
1353
1315
1229
1325
1342
1328
1279
1326
1299
1317
1268
1336
1309
1279
1336
1306
1298
1218
1265
1259
1366
1379
1298
1218
1327
1278
1362
1373
1334
1304
1288
1289
1219
1276
1318
1286
1298
1315
1299
1344
1345
1269
1337
1305
1291
1320
1317
1318
1219
1249
1299
1319
1317
1266
1239
1324
1307
1279
1268
1334
1345
1268
1323
1326
1335
1297
1268
1335
1317
1279
1294
1297
1326
1377
1299
1329
1315
1264
1357
1305
1306
1319
1248
1302
1287
1289
1343
1377
1327
1308
1368
1359
1288
1266
1354
1288
1298
1369
1326
1322
1355
1316
1306
1317
1333
1319
1336
1296
1219
1324
1307
1306
1346
1276
1318
1279
1239
1315
1298
1328
1355
1316
1353
1298
1326
1339
1307
1320
1309
1297
1345
1309
1306
1309
1227
1362
1317
1303
1325
1317
1326
1288
1339
1295
1266
1299
1358
1337
1305
1308
1289
1286
1346
1279
1306
1326
1324
1306
1345
1257
1238
1314
1309
1267
1217
1259
1338
1328
1267
1262
1347
1345
1369
1268
1265
1335
1315
1279
1305
1317
1317
1317
1355
1345
1322
1254
1315
1267
1297
1339
1258
1238
1339
1239
1315
1317
1249
1328
1307
1297
1259
1345
1325
1365
1299
1276
1327
1307
1333
1309
1307
1229
1335
1305
1277
1297
1219
1288
1334
1169
1309
1305
1363
1246
1315
1356
1266
1288
1329
1309
1289
1269
1238
1363
1269
1305
1218
1258
1345
1238
1227
1267
1327
1306
1279
1307
1356
1278
1305
1378
1368
1356
1352
1282
1339
1317
1327
1309
1287
1349
1316
1328
1364
1229
1299
1279
1314
1309
1345
1317
1327
1316
1335
1317
1309
1379
1349
1358
1239
1297
1303
1309
1269
1343
1315
1228
1307
1327
1334
1289
1248
1348
1259
1218
1336
1305
1298
1326
1209
1279
1327
1362
1338
1339
1315
1277
1276
1335
1368
1289
1326
1288
1318
1285
1289
1336
1268
1353
1305
1339
1277
1247
1316
1343
1363
1287
1306
1314
1309
1343
1300
1349
1328
1259
1289
1289
1306
1289
1334
1299
1315
1278
1278
1349
1259
1276
1289
1247
1364
1355
1352
1372
1318
1343
1277
1297
1319
1325
1316
1358
1289
1307
1289
1296
1298
1329
1239
1294
1329
1325
1336
1308
1329
1325
1344
1278
1326
1288
1288
1377
1250
1284
1309
1286
1299
1259
1166
1315
1308
1369
1342
1295
1279
1317
1277
1344
1342
1327
1319
1256
1308
1334
1352
1229
1327
1353
1352
1337
1286
1366
1328
1345
1319
1307
1366
1308
1317
1358
1329
1306
1339
1294
1372
1295
1326
1275
1297
1355
1367
1308
1329
1327
1315
1309
1289
1355
1366
1318
1304
1344
1309
1327
1325
1297
1375
1248
1307
1317
1309
1298
1279
1335
1355
1299
1359
1298
1327
1354
1238
1298
1308
1289
1326
1317
1315
1305
1345
1317
1327
1297
1216
1359
1315
1285
1309
1355
1288
1289
1289
1355
1339
1336
1315
1358
1326
1366
1294
1364
1296
1325
1326
1239
1335
1259
1316
1336
1285
1325
1366
1289
1304
1334
1378
1367
1365
1316
1279
1267
1345
1325
1317
1358
1315
1249
1326
1333
1309
1341
1317
1288
1325
1326
1279
1379
1359
1335
1326
1297
1339
1317
1334
1275
1319
1345
1288
1268
1279
1325
1307
1325
1335
1299
1329
1364
1351
1344
1279
1278
1209
1296
1279
1336
1345
1273
1308
1308
1247
1259
1259
1280
1249
1269
1259
1349
1345
1298
1298
1317
1287
1305
1276
1279
1346
1367
1268
1158
1209
1237
1327
1296
1307
1344
1279
1258
1327
1307
1279
1326
1286
1284
1269
1348
1276
1309
1314
1286
1354
1313
1345
1325
1298
1309
1354
1276
1321
1307
1321
1295
1365
1329
1201
1279
1289
1315
1352
1292
1296
1249
1256
1328
1268
1325
1288
1316
1232
1328
1306
1268
1286
1347
1307
1298
1317
1269
1308
1326
1267
1315
1338
1309
1296
1329
1307
1288
1308
1309
1298
1297
1317
1277
1324
1307
1275
1318
1298
1338
1267
1301
1288
1317
1256
1336
1325
1306
1348
1325
1278
1285
1373
1307
1313
1346
1306
1343
1289
1334
1299
1336
1287
1278
1299
1315
1316
1317
1297
1268
1258
1335
1297
1309
1318
1310
1364
1249
1353
1308
1279
1334
1287
1258
1345
1358
1317
1352
1296
1317
1348
1317
1344
1334
1278
1327
1227
1268
1277
1350
1328
1299
1335
1259
1334
1346
1352
1313
1326
1363
1343
1373
1334
1327
1344
1279
1278
1304
1288
1281
1328
1343
1335
1307
1305
1229
1327
1316
1372
1248
1315
1335
1287
1306
1326
1299
1356
1354
1287
1359
1358
1355
1373
1308
1328
1326
1317
1315
1238
1308
1308
1295
1356
1338
1348
1334
1329
1199
1277
1347
1326
1308
1289
1276
1251
1299
1299
1344
1277
1287
1289
1309
1324
1199
1288
1338
1355
1289
1304
1297
1352
1306
1304
1287
1256
1288
1373
1316
1288
1358
1331
1279
1299
1306
1325
1258
1288
1335
1297
1335
1361
1274
1337
1299
1265
1294
1305
1335
1363
1335
1291
1366
1279
1306
1268
1329
1289
1378
1317
1219
1279
1309
1346
1344
1319
1347
1353
1265
1298
1289
1226
1356
1359
1274
1314
1269
1278
1347
1313
1358
1287
1318
1347
1316
1329
1305
1288
1325
1352
1249
1358
1268
1339
1286
1277
1263
1326
1370
1239
1308
1315
1316
1307
1279
1279
1342
1353
1358
1289
1317
1256
1326
1305
1355
1316
1359
1324
1336
1355
1368
1344
1309
1348
1312
1345
1319
1288
1355
1352
1327
1337
1305
1286
1357
1353
1329
1299
1275
1306
1331
1328
1338
1317
1358
1376
1345
1336
1308
1345
1282
1334
1372
1349
1339
1258
1308
1237
1279
1256
1298
1229
1197
1326
1349
1287
1317
1328
1348
1269
1344
1169
1274
1279
1335
1295
1249
1217
1338
1306
1357
1295
1318
1288
1345
1346
1259
1298
1328
1228
1317
1327
1326
1358
1336
1349
1338
1237
1287
1295
1275
1297
1361
1375
1328
1208
1314
1338
1346
1329
1319
1336
1269
1344
1309
1336
1346
1269
1314
1364
1316
1286
1289
1239
1293
1288
1268
1338
1359
1308
1315
1249
1307
1326
1257
1292
1267
1296
1289
1316
1257
1331
1338
1354
1317
1318
1282
1223
1298
1287
1319
1288
1308
1361
1345
1317
1354
1349
1367
1326
1319
1308
1355
1364
1287
1296
1249
1288
1259
1362
1326
1373
