omega:1,meanmaxmin:2610.19,2629,2591
[2607,2602,2605,2617,2606,2612,2602,2610,2628,2623,2598,2610,2617,2597,2620,2611,2614,2625,2614,2618,2598,2612,2611,2598,2604,2596,2605,2600,2616,2611,2618,2610,2601,2607,2613,2594,2602,2600,2629,2611,2613,2616,2609,2611,2609,2612,2608,2608,2614,2610,2603,2627,2621,2621,2615,2616,2621,2609,2615,2617,2606,2599,2604,2616,2619,2601,2618,2610,2603,2600,2598,2613,2607,2592,2613,2606,2624,2615,2610,2603,2610,2615,2602,2591,2609,2602,2620,2616,2617,2613,2609,2608,2619,2623,2624,2591,2616,2613,2615,2602]
omega:2,meanmaxmin:2573.95,2605,2544
[2579,2577,2565,2567,2581,2567,2579,2571,2573,2569,2569,2573,2571,2563,2581,2555,2587,2586,2574,2559,2581,2587,2567,2563,2570,2592,2585,2585,2555,2565,2582,2587,2579,2555,2581,2563,2579,2573,2591,2563,2569,2575,2579,2585,2571,2577,2544,2585,2581,2557,2577,2583,2587,2577,2573,2569,2570,2589,2577,2563,2567,2561,2571,2577,2563,2605,2565,2549,2579,2581,2557,2569,2561,2567,2579,2577,2577,2573,2575,2580,2585,2591,2583,2579,2575,2572,2573,2575,2553,2579,2579,2579,2557,2573,2579,2559,2591,2579,2573,2591]
omega:3,meanmaxmin:2556.25,2585,2522
[2567,2543,2542,2555,2567,2561,2528,2555,2575,2564,2564,2548,2543,2575,2555,2572,2552,2582,2567,2558,2553,2558,2548,2546,2552,2558,2537,2530,2546,2543,2567,2555,2552,2582,2564,2548,2564,2540,2549,2557,2564,2582,2570,2579,2549,2557,2561,2556,2546,2561,2549,2537,2534,2585,2555,2555,2540,2543,2558,2552,2551,2570,2560,2558,2551,2570,2570,2563,2555,2585,2537,2564,2561,2549,2576,2569,2554,2543,2561,2567,2567,2549,2557,2549,2562,2537,2522,2552,2552,2546,2573,2578,2549,2564,2543,2540,2545,2561,2549,2561]
omega:4,meanmaxmin:2541.19,2586,2491
[2526,2527,2551,2533,2491,2538,2531,2547,2527,2562,2551,2559,2526,2554,2543,2534,2539,2531,2562,2535,2558,2535,2551,2527,2543,2566,2547,2551,2555,2551,2535,2531,2539,2534,2546,2558,2551,2513,2539,2531,2527,2549,2539,2531,2550,2563,2511,2551,2515,2538,2531,2586,2539,2559,2547,2551,2546,2511,2559,2535,2534,2517,2547,2523,2559,2558,2535,2542,2523,2547,2542,2535,2559,2527,2538,2553,2547,2539,2555,2566,2558,2566,2547,2531,2503,2535,2543,2549,2551,2543,2531,2523,2511,2526,2550,2535,2536,2567,2563,2539]
omega:5,meanmaxmin:2535.12,2564,2494
[2558,2534,2539,2533,2558,2539,2553,2529,2536,2548,2539,2549,2519,2534,2537,2519,2514,2529,2549,2538,2553,2509,2529,2559,2518,2529,2514,2539,2513,2549,2534,2544,2564,2550,2543,2518,2553,2531,2553,2548,2519,2552,2554,2538,2563,2534,2509,2523,2529,2524,2494,2518,2544,2534,2523,2534,2539,2539,2544,2563,2513,2528,2523,2524,2538,2554,2519,2544,2524,2539,2514,2534,2534,2534,2526,2539,2529,2544,2538,2548,2519,2543,2504,2543,2544,2534,2528,2538,2529,2538,2549,2558,2524,2523,2539,2529,2524,2523,2563,2533]
omega:6,meanmaxmin:2530.33,2567,2465
[2531,2537,2549,2513,2554,2500,2555,2543,2537,2506,2537,2555,2537,2549,2537,2542,2543,2510,2525,2553,2543,2549,2536,2524,2555,2512,2549,2561,2537,2525,2507,2519,2519,2525,2542,2525,2530,2492,2558,2549,2525,2537,2543,2525,2532,2513,2537,2531,2537,2513,2537,2536,2539,2519,2512,2561,2525,2543,2506,2530,2513,2530,2465,2501,2489,2522,2476,2524,2541,2567,2501,2505,2525,2542,2507,2519,2489,2525,2537,2548,2559,2561,2513,2546,2513,2513,2560,2540,2534,2553,2549,2543,2525,2536,2531,2537,2537,2512,2531,2543]
omega:7,meanmaxmin:2529.8,2575,2470
[2545,2505,2540,2539,2547,2551,2540,2540,2546,2519,2517,2561,2559,2512,2539,2518,2524,2547,2530,2533,2533,2519,2538,2512,2526,2532,2554,2503,2574,2505,2537,2546,2547,2554,2526,2533,2484,2538,2533,2554,2553,2525,2532,2513,2532,2547,2565,2532,2497,2524,2495,2533,2575,2546,2470,2498,2533,2533,2543,2532,2484,2540,2547,2503,2540,2533,2532,2504,2539,2547,2496,2559,2554,2502,2504,2547,2505,2533,2477,2547,2539,2524,2538,2532,2547,2526,2554,2505,2526,2531,2525,2484,2547,2512,2519,2517,2498,2533,2539,2553]
omega:8,meanmaxmin:2524.17,2581,2476
[2524,2533,2559,2531,2516,2523,2517,2479,2518,2541,2519,2535,2533,2511,2526,2527,2524,2525,2511,2519,2503,2511,2556,2541,2494,2548,2535,2542,2534,2493,2476,2526,2503,2523,2556,2543,2511,2510,2487,2550,2527,2556,2511,2527,2518,2503,2524,2517,2511,2502,2511,2503,2541,2543,2542,2581,2535,2526,2518,2535,2543,2494,2511,2534,2519,2542,2533,2526,2549,2543,2486,2535,2533,2526,2510,2495,2517,2516,2543,2526,2541,2494,2563,2519,2502,2519,2523,2526,2534,2542,2527,2542,2519,2527,2503,2518,2541,2526,2516,2510]
omega:9,meanmaxmin:2513.52,2555,2447
[2527,2519,2501,2500,2527,2519,2498,2510,2447,2473,2501,2510,2546,2510,2516,2482,2519,2507,2527,2509,2519,2491,2545,2501,2510,2546,2528,2492,2519,2518,2510,2500,2500,2518,2518,2519,2456,2474,2510,2552,2491,2501,2510,2454,2526,2499,2510,2465,2464,2535,2492,2535,2536,2543,2517,2555,2535,2509,2498,2527,2501,2508,2544,2509,2491,2519,2523,2517,2527,2482,2528,2528,2527,2506,2518,2528,2501,2527,2525,2501,2528,2546,2536,2526,2528,2519,2527,2501,2537,2518,2545,2500,2517,2528,2527,2474,2553,2527,2519,2510]
omega:10,meanmaxmin:2504.61,2546,2458
[2529, 2509, 2499, 2517, 2528, 2489, 2478, 2518, 2519, 2534, 2499, 2498, 2499, 2518, 2499, 2508, 2497, 2508, 2538, 2517, 2525, 2459, 2519, 2488, 2489, 2507, 2499, 2518, 2496, 2489, 2489, 2507, 2506, 2528, 2546, 2499, 2505, 2508, 2529, 2497, 2529, 2487, 2529, 2517, 2497, 2536, 2498, 2508, 2509, 2497, 2497, 2516, 2479, 2508, 2509, 2518, 2506, 2519, 2517, 2458, 2477, 2539, 2508, 2487, 2489, 2499, 2499, 2499, 2497, 2458, 2509, 2529, 2509, 2488, 2499, 2518, 2507, 2486, 2488, 2508, 2515, 2489, 2497, 2499, 2518, 2517, 2499, 2468, 2508, 2489, 2519, 2536, 2526, 2489, 2458, 2489, 2489, 2509, 2507, 2509]
omega:11,meanmaxmin:2487.53,2534,2427
[2463,2485,2507,2518,2507,2479,2502,2492,2496,2502,2485,2485,2474,2427,2441,2507,2474,2430,2517,2463,2463,2461,2481,2473,2484,2450,2504,2474,2451,2485,2496,2505,2507,2506,2452,2485,2495,2507,2494,2482,2485,2481,2525,2485,2528,2506,2495,2483,2495,2495,2495,2484,2484,2485,2495,2494,2472,2506,2503,2485,2484,2463,2472,2506,2495,2472,2474,2452,2503,2484,2495,2492,2461,2534,2440,2495,2496,2474,2485,2529,2505,2473,2485,2463,2507,2474,2496,2494,2485,2507,2484,2496,2505,2494,2494,2505,2495,2496,2505,2494]
omega:12,meanmaxmin:2469.66,2507,2410
[2434,2471,2459,2471,2471,2434,2470,2459,2494,2478,2493,2446,2471,2459,2494,2459,2470,2455,2493,2494,2459,2447,2435,2483,2470,2459,2469,2458,2470,2444,2482,2471,2470,2435,2482,2468,2483,2459,2495,2470,2459,2458,2493,2494,2495,2483,2459,2458,2446,2482,2446,2483,2494,2458,2458,2447,2494,2459,2471,2483,2457,2492,2502,2447,2470,2458,2446,2470,2507,2446,2483,2459,2455,2493,2459,2493,2482,2494,2471,2446,2446,2483,2481,2467,2493,2471,2466,2458,2459,2493,2494,2507,2495,2480,2480,2470,2410,2471,2459,2449]
omega:13,meanmaxmin:2456.07,2493,2391
[2454,2456,2481,2443,2482,2454,2416,2443,2482,2469,2443,2391,2442,2456,2467,2493,2455,2443,2481,2482,2482,2442,2455,2443,2456,2478,2455,2482,2467,2479,2417,2430,2456,2426,2466,2469,2442,2489,2442,2482,2442,2442,2491,2479,2488,2489,2455,2469,2429,2455,2443,2469,2482,2479,2477,2442,2479,2454,2441,2480,2443,2430,2430,2454,2469,2455,2428,2456,2442,2443,2453,2481,2429,2443,2469,2442,2492,2493,2480,2482,2430,2428,2417,2477,2468,2429,2455,2468,2468,2443,2466,2417,2417,2456,2481,2455,2429,2417,2456,2440]
omega:14,meanmaxmin:2439.5,2499,2379
[2421,2474,2477,2417,2433,2447,2420,2435,2405,2447,2462,2463,2463,2475,2449,2449,2432,2420,2444,2420,2379,2419,2433,2463,2432,2435,2473,2435,2393,2473,2476,2420,2434,2447,2435,2448,2393,2419,2435,2461,2449,2420,2420,2446,2459,2461,2460,2447,2419,2407,2433,2461,2462,2462,2448,2406,2476,2393,2461,2499,2448,2434,2435,2430,2434,2449,2414,2435,2435,2460,2406,2421,2459,2446,2421,2417,2421,2432,2447,2462,2449,2463,2407,2445,2421,2435,2458,2459,2461,2435,2435,2379,2486,2448,2463,2446,2434,2407,2447,2421]
omega:15,meanmaxmin:2423.12,2501,2346
[2428,2439,2414,2429,2428,2399,2413,2397,2368,2413,2399,2429,2397,2413,2459,2397,2442,2398,2428,2444,2436,2427,2368,2444,2469,2395,2429,2444,2399,2384,2458,2399,2427,2367,2384,2414,2428,2399,2410,2414,2484,2413,2413,2411,2442,2437,2482,2398,2399,2428,2425,2429,2456,2412,2411,2413,2444,2399,2444,2458,2397,2414,2428,2472,2443,2442,2444,2413,2414,2457,2413,2474,2456,2501,2440,2442,2429,2368,2369,2426,2429,2481,2444,2410,2428,2414,2455,2398,2397,2346,2398,2412,2439,2411,2470,2397,2413,2428,2429,2444]
omega:16,meanmaxmin:2409.4,2462,2335
[2446,2383,2445,2367,2429,2411,2350,2410,2446,2397,2431,2445,2431,2383,2413,2427,2351,2429,2414,2412,2429,2415,2443,2431,2383,2413,2415,2398,2418,2430,2380,2382,2428,2413,2429,2413,2382,2399,2429,2381,2414,2364,2414,2398,2415,2414,2412,2399,2413,2413,2442,2431,2398,2413,2414,2443,2380,2413,2399,2447,2462,2367,2397,2411,2429,2430,2398,2396,2415,2415,2397,2430,2382,2414,2415,2428,2415,2335,2415,2367,2414,2412,2383,2398,2415,2430,2411,2382,2383,2414,2415,2415,2431,2383,2430,2399,2414,2383,2430,2413]
omega:17,meanmaxmin:2387.4,2430,2311
[2396,2362,2395,2407,2361,2328,2361,2394,2379,2393,2379,2393,2395,2360,2430,2378,2395,2423,2377,2379,2410,2429,2396,2396,2359,2412,2378,2378,2411,2429,2360,2344,2344,2327,2411,2409,2376,2411,2395,2379,2412,2376,2396,2345,2395,2395,2379,2411,2379,2394,2413,2395,2362,2379,2311,2378,2345,2393,2395,2411,2394,2379,2362,2396,2379,2412,2357,2379,2412,2395,2345,2376,2395,2391,2396,2411,2413,2376,2395,2379,2396,2344,2379,2401,2405,2412,2345,2378,2394,2423,2413,2396,2396,2428,2412,2412,2362,2394,2409,2396]
omega:18,meanmaxmin:2383.65,2429,2321
[2321,2423,2357,2357,2338,2392,2409,2374,2406,2390,2409,2407,2338,2403,2410,2406,2374,2373,2391,2408,2356,2409,2403,2391,2375,2411,2355,2357,2390,2401,2411,2374,2356,2373,2407,2321,2374,2339,2405,2375,2375,2356,2373,2393,2390,2390,2356,2424,2391,2373,2356,2374,2424,2428,2393,2356,2388,2407,2429,2353,2403,2407,2385,2392,2388,2375,2408,2354,2421,2393,2391,2392,2339,2356,2357,2357,2426,2357,2375,2393,2355,2410,2373,2411,2390,2409,2357,2357,2373,2372,2355,2355,2405,2392,2374,2391,2410,2373,2410,2426]
omega:19,meanmaxmin:2361.25,2407,2295
[2334,2372,2354,2355,2315,2335,2354,2353,2391,2393,2354,2374,2315,2353,2355,2353,2353,2366,2354,2389,2355,2355,2371,2374,2392,2355,2354,2353,2327,2374,2372,2371,2336,2392,2407,2371,2372,2355,2391,2393,2354,2354,2374,2393,2355,2354,2355,2336,2373,2372,2335,2392,2355,2392,2336,2295,2371,2336,2335,2355,2354,2335,2350,2373,2374,2389,2316,2354,2374,2374,2354,2355,2336,2355,2354,2353,2353,2335,2372,2393,2316,2373,2367,2392,2353,2393,2354,2374,2391,2351,2374,2387,2350,2391,2372,2370,2354,2350,2354,2392]
omega:20,meanmaxmin:2351.84,2415,2258
[2378,2339,2359,2378,2359,2375,2314,2359,2317,2356,2379,2375,2359,2353,2315,2359,2339,2338,2336,2358,2394,2318,2353,2379,2375,2335,2337,2377,2359,2377,2298,2317,2299,2338,2339,2393,2394,2339,2377,2337,2378,2336,2415,2338,2396,2359,2318,2315,2374,2353,2338,2412,2399,2359,2394,2357,2319,2357,2279,2339,2357,2316,2379,2355,2378,2376,2358,2353,2319,2377,2298,2355,2359,2338,2258,2338,2316,2317,2319,2339,2399,2356,2338,2376,2394,2336,2356,2359,2394,2336,2378,2378,2402,2356,2337,2319,2318,2337,2378,2317]
