2.9999999999999996
2.9911979733990006
2.981758273789
2.973498306297
2.964195352768
2.954914178671
2.943486641452
2.932973942851
2.923315668657
2.913078057203
2.904651643123
2.8940126803500004
2.8826895316550005
2.8712770207170006
2.859790625580001
2.8475548424510007
2.835334606022001
2.824002715830001
2.8128365323930016
2.8044121469960013
2.793525787837001
2.782681690827001
2.7715860865610007
2.7602326137550004
2.7510342290960006
2.7425360113380006
2.7315746404130006
2.7208444234100013
2.7090401553850003
2.698674606817001
2.684897722705001
2.6712185951280008
2.6600587407790015
2.648477389975001
2.6347178439410017
2.626435641907001
2.616032107694001
2.605816120406
2.5957085763380006
2.5865822595449997
2.5763160980250013
2.566541333487
2.5561834202530003
2.545770935451
2.53411801512
2.5222004582159996
2.509353370021001
2.5001713817480002
2.4886479844830003
2.476836038328001
2.4637928942830007
2.452684029640001
2.4421759314080003
2.4317834689470006
2.4213791995830007
2.411119327478
2.4002977021010006
2.3882491760220006
2.3774183908680007
2.3644459164030005
2.349964172829001
2.3391819864470005
2.327334750785001
2.3166597831350004
2.306129623851001
2.2963668370650008
2.2879653250150005
2.277269667074001
2.2657943850350004
2.2552860758780007
2.243666770795001
2.2316422725690006
2.2200693558960007
2.2076755878950007
2.1940621236240005
2.1800999012230005
2.1690786901210006
2.158806577624
2.1480202654890004
2.137714854374
2.1290293176930004
2.1179336249
2.1086687466200003
2.09878973051
2.088676097266
2.077561143367
2.066043070777
2.053559336791
2.039680871617
2.026388342416
2.0148395561590005
2.0047415250880003
1.9939574707400003
1.9842474661490006
1.972983894523
1.964189822744
1.9542481233709998
1.945751912556
1.9355293616790004
1.9212173282250002
1.9093977321050002
1.895544669921
1.884569918245
1.873189261912
1.8613981179069996
1.85136044499
1.8379837019589997
1.827553941817
1.8165716963980003
1.8075966899959999
1.796187005825
1.786689623242
1.776541239724
1.765417795311
1.753293578938
1.740252297883
1.7260990457379997
1.7143621473229997
1.70197179201
1.6904269574089998
1.6810120352029998
1.670618851248
1.660546133518
1.6489640414350004
1.6397986380060001
1.6301407386940001
1.6194898365530002
1.6079812015450006
1.596004247135
1.5825449048940001
1.568799001288
1.5546793518129998
1.5419641616669995
1.5307692596929996
1.5171416746639999
1.5056693685170002
1.49556603462
1.4849390073789999
1.473515758802
1.464358761502
1.455559860574
1.4460937175530002
1.4352545650020005
1.4251909007080004
1.4116158979460003
1.3996124225700002
1.3866534571350002
1.3719487739430003
1.3607353027900002
1.3510930269440002
1.3397142447170005
1.326734062157
1.3161287191820004
1.3055495595300004
1.2957959744240002
1.2867374913090004
1.2772345328720005
1.2650919307690003
1.2537237451780001
1.2414533695370005
1.2325285759810007
1.2189760859050005
1.2072405980630005
1.1934803967760004
1.1808182306160004
1.1681727745920005
1.1571532661040003
1.1464484924270004
1.1360984825200005
1.1256119515580003
1.1146949685620007
1.1049833969530005
1.0920580750360007
1.0807942299710007
1.0688722798300008
1.0553682816500007
1.0408197524010008
1.0281547330980008
1.017038979832001
1.0058776422650009
0.9942023560060008
0.9827751745570008
0.972245211896001
0.960855597203001
0.9501202040110011
0.9399719975630008
0.9276391833180011
0.914799063678001
0.9032335652200011
0.8886896128750009
0.874221455029001
0.8608037510970009
0.8490286833200009
0.8366231241920008
0.8269900026330008
0.8169790203770009
0.8067838096170009
0.797174204154001
0.7873853422950009
0.776281539051001
0.7639363717070009
0.7514428468670008
0.7384896315010009
0.7252278848240009
0.7108473972620012
0.699619986685001
0.6873567094090011
0.6764690389240012
0.6662676658970013
0.6556300972060012
0.6430379665610013
0.6293302718350011
0.6169232036430012
0.6033698395650012
0.5894681722250013
0.5765097559500011
0.561952970907001
0.5479234730620012
0.5365131963970011
0.5237012616540013
0.5134852291400012
0.5035630056660012
0.49281299218100116
0.4826113891800012
0.4712722563500012
0.45909558101000125
0.4462334187390012
0.4310985107890012
0.4181405961490012
0.4052313359380012
0.38885052671200115
0.3772124462070012
0.36116017020600116
0.3468671397640012
0.3362542043820011
0.3246901120170011
0.31156242923300115
0.29591174371500106
0.2801616037530011
0.26272144985100115
0.24917680629100109
0.2386533126840011
0.22405567922300113
0.2100173973850011
0.19689179366000117
0.18413923825500114
0.17218477114700112
0.15958220150200114
0.1423476956160011
0.12752241072600115
0.11019007257200113
0.09309541915700116
0.07900570162800115
