2.9999999999999996
2.9908725597459993
2.9815133471500004
2.9729446376709996
2.963946710878
2.9548521718169996
2.943569722345
2.932966136385
2.9234444267130004
2.9132271301849992
2.9048307137659997
2.8944125974859998
2.8826392729859998
2.871816818916
2.8605307939349993
2.8485244257919993
2.8360170742969992
2.8248277110439997
2.8112545850299995
2.802104390358999
2.792309542473999
2.7805400318949984
2.7699494500719983
2.758131431523999
2.7469327494709983
2.738211432078998
2.7275123415009985
2.716875651762998
2.705725495024997
2.696318334421998
2.6825255174859977
2.6709863781669974
2.6587366926699976
2.648752620403997
2.637016137648997
2.6209959841699964
2.6118236025419965
2.602804905552996
2.5912600265479955
2.5794544898189957
2.5680946350229963
2.5573062338399954
2.5475595291459956
2.535157435859996
2.523655845474996
2.5145019520609964
2.504840906355996
2.4944128917419963
2.483041399726996
2.4720658654829966
2.4603827874969966
2.447041395811996
2.432813646662997
2.4227801615039963
2.4113357007109966
2.3997583187579963
2.3890452435549965
2.379372189458996
2.3693434876359962
2.3600141209419965
2.3520976155819966
2.3420545643759962
2.3311611893119966
2.3193534656059964
2.3087173162159966
2.2982337046199968
2.2844800740609963
2.2719174411539966
2.2596569651679963
2.2508447288129965
2.2400898866479966
2.2270918802239965
2.2147432858959966
2.204540966983997
2.193158216699997
2.183313746095997
2.1729229188889976
2.161818414885997
2.151253193740997
2.140698682900997
2.1285362191399972
2.116237208701997
2.103440072830997
2.0949761362649975
2.081881477861997
2.070312865787997
2.059987267841997
2.0491941691129973
2.0380449784389967
2.0278893162399965
2.0182605368239974
2.008573188816997
1.9993551459599967
1.9882593226989969
1.9739730728089973
1.9628609828369972
1.9501276366839972
1.937748395543997
1.9258265027469967
1.9142299929939968
1.9045734142289965
1.894248378935997
1.8841585367719964
1.8748563254319968
1.8655966996959967
1.8538730957949967
1.8421079963129967
1.8306705617379968
1.8173225834699964
1.8038413480769966
1.7921459096839967
1.7802144822159964
1.7685814234029964
1.7574982487789965
1.7474530335089966
1.7370773538719964
1.7270863434399963
1.717012942291996
1.7073667661869962
1.6977681972439957
1.686905707161996
1.6781267019999961
1.666631528118996
1.652912166508996
1.641314524201996
1.6284552713619962
1.6148256702339958
1.6026907269859962
1.590899136419996
1.5807971298409962
1.5704421677769962
1.559838003875996
1.5494004751869963
1.5388680861809965
1.5269070478689961
1.515451013843996
1.502680484829996
1.4881364236029966
1.4792837121169962
1.4655535245299964
1.4528058071159966
1.4400468157509962
1.4304620935479961
1.4201819839059964
1.4100352148719963
1.4002138559659962
1.3908652681849962
1.381492023771996
1.3708567927019963
1.3583912541919965
1.3461088532289962
1.3311558934409964
1.3185902028669965
1.3004387822439964
1.2893986362799963
1.2786639614629962
1.2697376903549964
1.2565738954669965
1.2452587385419964
1.233263085438996
1.2196184289649965
1.2081947419839965
1.1974553199769966
1.186168378249996
1.1761546440329962
1.164690661039996
1.151364334342996
1.1355719766629961
1.1220876676079963
1.1095717572659962
1.097464321508996
1.0873673230569962
1.076693581758996
1.0675103057779962
1.0564943225049963
1.046417085199996
1.035256111905996
1.0240292805629962
1.0116545258109964
0.9984057167169961
0.9833232672289963
0.9709285507259965
0.9612464914279962
0.9506595452749963
0.9386112250809966
0.9276715445349966
0.9160531527419965
0.9067874644349965
0.8960051696769965
0.8841051585879964
0.8722729038719965
0.8592818719149964
0.8444901734759965
0.8317553498329966
0.8176920175029967
0.8058504492379965
0.7940902852909966
0.7834587589099966
0.7727430666029965
0.7629161547579966
0.7522464284929966
0.7412806384929967
0.7279120365389966
0.7172895374149966
0.7037299841939966
0.6915433892019965
0.6780690644039967
0.6626088084969967
0.6497284747539968
0.6374766381739967
0.6258389163639968
0.6140533272279967
0.6033372352259967
0.5922473242619967
0.5800906260289967
0.5682845974039967
0.5556112141559968
0.5389929376729968
0.5271022269579969
0.5119561661269968
0.4968543673529968
0.4844136199289968
0.4697347159569968
0.4547702175259968
0.44437908942699683
0.4332001011889969
0.42263439859299695
0.41122341341899693
0.397332349101997
0.3845370292909969
0.37134742911999696
0.35592056919599696
0.343803597482997
0.32981746406599705
0.31498798703399705
0.302257280272997
0.29040071932299705
0.276611875204997
0.25693701678399705
0.23962611141599707
0.22320783584299705
0.20871221811699706
0.19397651727899706
0.17899006595899705
0.16643987212599706
0.14988232919799702
0.12434827774399701
0.11009987711699702
