2.9999999999999996
2.9909063007570005
2.981583213263
2.9732434071779994
2.963920249012999
2.9546293530069994
2.943077610663999
2.9329005670879997
2.9236488138029997
2.9132948801999996
2.9048751526729997
2.894723253977999
2.8839006941809995
2.8724625916579996
2.860690744450999
2.848783547832999
2.8363570816749997
2.8234263577649994
2.8120363529279992
2.8037971242269983
2.7948615330219986
2.7842965159109987
2.7734825117419986
2.7627163392379983
2.753017834392999
2.7428872239269984
2.7326425819939986
2.721190168004999
2.709916921454999
2.697851761159998
2.686446708448999
2.6729183287429987
2.6597929007379983
2.6490062230269977
2.6370574314709985
2.6285801852239983
2.617402316693999
2.6072928491179983
2.5970721009899984
2.5881260633269982
2.5787819526579985
2.5685749224679983
2.558967802356998
2.5465765464599976
2.535107546682998
2.5230718008189976
2.5107473385929984
2.4956908586119972
2.4853154508889967
2.4752645852219968
2.466588317611997
2.4532887743569964
2.444262656872996
2.4318801388949964
2.4211115732989965
2.410390208948997
2.400444367612997
2.391310267458997
2.3806770772069967
2.370298369358997
2.358789613103997
2.346315419184997
2.3339542168869967
2.3218912533179967
2.308076637996997
2.299210171329997
2.2872815467679977
2.276848295906997
2.2660605438279977
2.2549873586569977
2.241892663779998
2.227514652540998
2.2163338054529973
2.2055139689879972
2.1936533773789972
2.181239541477998
2.1702090057689976
2.1565536474379985
2.1459917716109986
2.135062729284998
2.1247481257909984
2.115719609589999
2.107302871466999
2.0928161173489985
2.0821903581339987
2.0705839751569988
2.0589953818589986
2.046582823745999
2.0352944237949986
2.024680331174999
2.0121026720589987
2.000446067302999
1.9908035405259992
1.9801739805949992
1.9713049030359993
1.9608116949559993
1.951916299019999
1.9419797210979994
1.930952327139
1.9192417278999996
1.9069102249919996
1.8950725918449995
1.8805782373719993
1.8688734266549993
1.8544721814869993
1.8413726297659991
1.8304202310159992
1.8187050938979992
1.809035691304999
1.7988439816059993
1.7898857042679994
1.7793476679169986
1.770943635457999
1.7615405574329988
1.7513324528359988
1.740724996024999
1.729282327823999
1.717479934492999
1.7031406118519994
1.6888438691299994
1.677878221839999
1.6676791661859993
1.6573847412649991
1.648101712095999
1.639053456206999
1.6287477415599991
1.617102688119999
1.6069831450889989
1.5955932412859992
1.5837310376099993
1.5712801837339996
1.5592750853499993
1.5459140822299993
1.5344222761909996
1.523112088188999
1.508196606852999
1.4975106001889988
1.487336677154999
1.4778781805859993
1.4671427180919991
1.4564470651709993
1.4465006797159996
1.4359235347099997
1.4229072851779994
1.4110092327429997
1.3984263189919997
1.3841856469119997
1.3738772606989995
1.3633758126989999
1.3531140063899996
1.3428336877819997
1.3314541043639998
1.3227094311239997
1.312426930202
1.299309130698
1.2876200609219999
1.2745500146139996
1.2597941085139996
1.245708027853
1.233586605872
1.2215755712639997
1.2096456969839997
1.200533923743
1.1908985873029998
1.179928213869
1.1710581541739997
1.1612080882309999
1.1499928320959996
1.1406899072239995
1.1276016981029995
1.1143482796999997
1.1016204539449996
1.0884827112809996
1.0739700268449994
1.0609680339189995
1.0490079835919994
1.0364263118549994
1.0264326596429996
1.0163909258279995
1.0061348238739996
0.9965649838349996
0.9861964821499997
0.9746213165619997
0.9630453201349997
0.9501859114689997
0.9382650274509996
0.9240669340539995
0.9093372208389993
0.8979238021359994
0.8856972527499993
0.8732637862739994
0.8627515923989995
0.8525525405399995
0.8422337106929996
0.8309066992959996
0.8192359336869993
0.8066182952109994
0.7929615194759994
0.7779897043009995
0.7648258116579993
0.7535336179539993
0.7394367258299994
0.7289016478359995
0.7182016898359995
0.7068905879719996
0.6949163528919995
0.6856111243839996
0.6764441247079997
0.6630846394399995
0.6505835777789994
0.6378446103829993
0.6243988049229993
0.6094626813159992
0.5977975809619994
0.5851549693849993
0.5719610672829993
0.5607253422969993
0.5503157659059994
0.5385717048739994
0.5279199558579994
0.5164951685799993
0.5069999068779993
0.49253017403399935
0.4793800233609994
0.46670609645199945
0.45181223627799943
0.43819935271899946
0.42469895476899944
0.41269398620899944
0.3979199086129995
0.3883726839369995
0.3728466476269995
0.36128772672699955
0.34900243138099946
0.3357810296769995
0.32340275655699946
0.3096369250259995
0.29380669020099953
0.2790337090299996
0.2669965630169996
0.25444792459899956
0.23995135681799953
0.22628097850999954
0.21149063981099958
0.19882448615099954
0.1865205389099996
0.17135018895799964
0.1562651709289996
0.13867465041799965
0.12181290682399966
0.10821599405599966
