2.9999999999999996
2.991007421453
2.981830914298
2.9736156071709994
2.964348124375999
2.9551766580389995
2.9436142621149997
2.9333759498689997
2.9238967885459988
2.912750000635
2.9043274944559996
2.8938343402729996
2.8827162977309997
2.8711092112579992
2.8597924904559995
2.8479931721249994
2.835589676352999
2.823895094085
2.8124436798790002
2.8040007819950006
2.7929271864689995
2.7817997588710006
2.7713335722859997
2.763063504946999
2.753433854136
2.743549861653999
2.731899012799999
2.7204978256819996
2.7090929489319997
2.6973262110169998
2.6854563450689994
2.6714663585510006
2.6587637282500003
2.64791673076
2.639371594422
2.6285234293329998
2.617540538167
2.604001892842
2.5936603293819998
2.581710396417
2.571497200152
2.5617318866970007
2.5521433674639997
2.54174403463
2.5301936166770003
2.518498028544
2.5091354271960005
2.497358517307
2.4858874246490004
2.4737501127570005
2.4631831203630004
2.4526645159830003
2.4416557420050005
2.4305063012070005
2.4180647754730002
2.408605643931
2.3984607061450003
2.387933921819001
2.3762249140580005
2.3625623839630006
2.3488883188900007
2.3355532996540003
2.3237450399190007
2.312613696545001
2.303112111363001
2.292434527921
2.282263042585001
2.2718317806360004
2.261901275398001
2.2521882878440005
2.2416818053330005
2.2302092467360004
2.2179992962380006
2.2068238991880005
2.1932168844960005
2.1808662029480006
2.1704720568880007
2.1617602374100007
2.1508725069710004
2.1397475348600006
2.127561964943
2.1149382400130006
2.1010938073250007
2.0874141621190003
2.0767764488750005
2.065458034568001
2.0558171304320005
2.0454606071100003
2.0350224631420004
2.0258588221730007
2.0153609913320003
2.0061471825420005
1.9960287329400004
1.9845825738010003
1.972913109722
1.9594249479640005
1.9478531937540005
1.936286602087
1.9231826642520005
1.9124257055620004
1.9013375929320004
1.8890257392580003
1.8789166670690003
1.8684527495050003
1.8586861151150003
1.8486816731260003
1.8394989338330008
1.8291920459940005
1.8169983104430003
1.8057957787140004
1.7929914609880004
1.7790960699970002
1.765509395939
1.7539433111990006
1.742037761284
1.732226112202
1.7221346482470004
1.711837758698
1.701498181397
1.6922584814309998
1.683895242734
1.6742303374269998
1.6618608112430002
1.6491477775400003
1.6370643597340004
1.6247017479580006
1.6090374935180005
1.5971964966540007
1.5843079117040004
1.5724435306180005
1.562497746887001
1.5526447737380005
1.5420552462910007
1.5319590182310008
1.5224415535420004
1.5125563648960003
1.5010071950770008
1.4896896492460008
1.4775566620480003
1.465446120595001
1.451590235522001
1.4379462206720008
1.4265107979760008
1.413742637748001
1.4041650838910007
1.3940672482670007
1.3829968832920005
1.3729748944130007
1.3633265548980007
1.3548709499350007
1.345269264608001
1.3335648352750005
1.3211204374740002
1.3081275062140005
1.2966828277560005
1.282095336395
1.270161675693
1.2597200747530002
1.2500529941930003
1.2415189306080003
1.2308312171430003
1.2195730896960004
1.2078233823840003
1.1959395607480003
1.1839394625620006
1.1713882351090006
1.1571191156090004
1.1435943124460004
1.1321485653660006
1.1184097224490006
1.1085910061070006
1.0987471804860005
1.0882672210400004
1.0793094617440002
1.0673944118240002
1.0569953399930003
1.0447399942820004
1.0312399129150003
1.0187465520790004
1.0056476416470002
0.9914896598060006
0.9778667372150003
0.9658242545960003
0.9551248670880004
0.9445317529500002
0.9339379018610003
0.9230797248590005
0.9133623678360001
0.9036624460200002
0.8917486028540001
0.8809301821420001
0.868463812505
0.8536009561290004
0.8411812521670005
0.8277622083330003
0.8160197127420004
0.8045754173910004
0.7949741911270005
0.7846214348870004
0.7742752439320004
0.7657376139880006
0.7537380523740004
0.7404845408970004
0.7296559031710005
0.7173247960200004
0.7043433106490007
0.6910643516830005
0.6772759598790008
0.6647621433540006
0.6524109864740009
0.6410393302380007
0.6309173542870009
0.6199542283800009
0.6096354100890008
0.5984496222720009
0.5879661337140007
0.5788269997660008
0.5659801311280009
0.552410183552001
0.5397883323300009
0.5258149710320008
0.5113101273010008
0.49802720034500075
0.4853816954090008
0.4726147632330008
0.4622261876920008
0.4500012516940009
0.4372609822040009
0.4260777824790008
0.4132496489900007
0.40103933535800074
0.38631064668300075
0.3745756403790008
0.3602761790560008
0.34463626570700084
0.3317943049750008
0.31676339200800085
0.30063991932200085
0.28975992278400087
0.2784445187270009
0.26749300141100085
0.25842361077100084
0.24535349766100084
0.23258461278100087
0.21510546105200087
0.20245043539100085
0.18460711146900077
0.1692131734260008
0.1510319912160008
0.13543072368500078
0.1192621206490008
0.10348617447400081
