2.9999999999999996
2.991012614783
2.9814724078489996
2.972965929424999
2.9638986662169993
2.9544709400589997
2.9427143965169997
2.9325590246179996
2.9231661351359994
2.9127112294139996
2.904296915150999
2.893903035985999
2.882078894456
2.871221456263
2.859609828207
2.848020782339
2.835820449837
2.824574755904
2.812979651950999
2.8018835703949994
2.7907539383009996
2.782171651334999
2.7704669691249992
2.7618805242859996
2.7520700328119987
2.7412272197639993
2.7298083570889986
2.718430756802999
2.7061809022169983
2.694097068062999
2.6818824612819987
2.667966425143999
2.6569902349399985
2.6436856456739988
2.6322115697479993
2.622338175469999
2.6119285490859996
2.6019839988069995
2.5923251824089997
2.581914111610999
2.572504396162999
2.564110337363999
2.553941602837
2.540590085092
2.5295165795309993
2.518534171761999
2.5066221818869994
2.493615146322
2.480364255677
2.469254580296
2.4575986179279994
2.4480629636830002
2.437437155387
2.4273213583510005
2.4194457286530002
2.4087708097169998
2.399094587614
2.3860081271770004
2.3743069642580004
2.3642079920450008
2.3525423582660006
2.339274680402
2.3251300130210004
2.3145306637590006
2.3012553935300004
2.290329187363
2.279058562462
2.2689809045060003
2.2600208712220007
2.2491501487130003
2.2391380624110004
2.2307968473760007
2.2217904777720006
2.2114527615280006
2.2013496532760004
2.1898074687510007
2.1773054624060006
2.1634757179040003
2.1522795636480003
2.1407818303460004
2.130727925382
2.1222700056050003
2.112449585314
2.101505980998
2.090133037412
2.079201376417
2.06734332581
2.0547346636770003
2.0426913489680003
2.029894367704
2.018920557988
2.007327680619
1.996831811583
1.9833629607339995
1.9729009754299995
1.9636605657199995
1.9547443067189996
1.9439967366059994
1.9336973936439987
1.9236778126979992
1.913676755533999
1.9020998313399993
1.8891508542539994
1.8752579214619989
1.864474503709999
1.8512480020109991
1.8403747946499993
1.8271353262269996
1.8166450264479994
1.8057680743939992
1.794523911680999
1.785276191032999
1.7772749707719984
1.7671827841689989
1.755247800931999
1.743473971215999
1.730238448747999
1.716585220274999
1.703840871511999
1.691998798501999
1.6808346381999988
1.6688570769439988
1.658228118156999
1.6471145718559987
1.6374679943919983
1.6273582366409984
1.6187628709849988
1.6091213270309985
1.5989069457639988
1.5879774938709992
1.5757361924989988
1.5641546883389992
1.5511556510919988
1.536941389269999
1.5261976992569988
1.514550231452999
1.5045548834199989
1.494649565847999
1.484375797795999
1.4731383415329986
1.4626593992559989
1.4535221472649986
1.4428717261239992
1.430260458409999
1.4188368942109992
1.4054486682899987
1.391962335556999
1.3805368531629993
1.3670620061969994
1.3563312626559993
1.3448624261259994
1.3327156475169992
1.322081297788999
1.311370738681999
1.302217115999999
1.2931535353989991
1.2799535820849992
1.2677697117129991
1.255239336063999
1.2420448154929993
1.2277433882859994
1.2158355985969993
1.2063295426809995
1.1966567063069993
1.1863303518079993
1.1751777630779994
1.1626761998959994
1.149274775045999
1.136303742559999
1.1201025705399994
1.1078273243819994
1.0967627641849993
1.0857592162809995
1.0749618875049995
1.0642018003489995
1.0513769557529995
1.0416384132889995
1.0302664346869994
1.0198046300079995
1.0087850567919994
0.9972244152659996
0.9855678208609997
0.9723775784699994
0.9583259778469996
0.9466201917069992
0.9328957508229991
0.9192519178319993
0.9095749660749992
0.8995330832689992
0.8877254678629993
0.8785053179129994
0.867800682059999
0.8569537578469992
0.8472924371549991
0.8355213197319993
0.8231807574799992
0.8094884388049991
0.7952295246169993
0.7843081601749993
0.772373334911999
0.760011744543999
0.747777069008999
0.7368171870899992
0.724924869944999
0.7133362737179991
0.7033657958939993
0.691492534318999
0.6813658547669992
0.6694368251349989
0.6562655956779991
0.6402288969249992
0.6271896204549992
0.6135373383489993
0.5990785758729993
0.5889497076509992
0.5780838701019994
0.5664596203659992
0.5572798991559993
0.5464013172539993
0.5338782375199992
0.5189414616279993
0.5069627690999992
0.4923342950639992
0.47965269808799926
0.46637135670699914
0.4531647186289992
0.43922895949599916
0.42851674694699926
0.41835595000899917
0.40631471578299927
0.3943575160649991
0.3808518752619993
0.36544740708899925
0.3550204469519992
0.34155169951199926
0.32909441630999925
0.31256901519899927
0.2986078765089993
0.28651390290899925
0.2730005361849992
0.26146316564299926
0.24942528247599927
0.23815793660099932
0.22824565166699928
0.21780804076299928
0.20327444993499924
0.19007452861799928
0.16720958665499924
0.1506453572289993
0.1364302892029993
0.12062812176499928
