2.9999999999999996
2.9910281625710002
2.981699379481999
2.9730145217399992
2.9637500974539996
2.9543546547829997
2.9428940237859993
2.932499286014999
2.9226419065999987
2.9116425240429984
2.9031918549619986
2.8929898563719982
2.8817533556439985
2.8703163889649983
2.859064474876999
2.847277057923998
2.8344160822229982
2.8215268442059984
2.8098214589659984
2.8012806551579983
2.792454859712999
2.7818133312579985
2.7710575396979986
2.7607801355919985
2.7509003034569988
2.7406567617689994
2.7301964240639984
2.718363444795999
2.7070410571439987
2.695045313380999
2.6834919460299984
2.6699774460709986
2.6569338135429983
2.645915812592999
2.6341388909079995
2.625298879106999
2.6147967057129993
2.604337471200999
2.593778018539999
2.5837110699879995
2.5747610570909987
2.565315206384999
2.5542946464099994
2.5425253223479993
2.527525801778
2.5154636897349993
2.5047692779329993
2.4953909762119983
2.4838222582449987
2.4731365753089993
2.4627796054969995
2.4520759649419985
2.441252678392999
2.4306216350479994
2.4206218062969995
2.4089511067809997
2.3964026928219995
2.3831966182009996
2.368821476711999
2.3566718089439993
2.342833821917
2.3312796388310004
2.31903927786
2.308888768192
2.3004246342049997
2.2896594769159995
2.2789300152139993
2.2681913446449995
2.2586804566159997
2.248877578317
2.237887182507
2.227237959105
2.216031446356
2.2051421337640003
2.1943433426619996
2.182269311891
2.169072159983
2.156975549578
2.143251806402
2.1348482495399996
2.124698581068
2.1141980184749998
2.1042458355659996
2.0944895374640002
2.085048045917
2.0748396101689996
2.064608708376
2.0532488797879997
2.0417803320159997
2.0277340351259996
2.013427540909
2.002071141779
1.9890565813129992
1.977169433253
1.9667276427689997
1.9569392292859997
1.9465335687569998
1.937505836529
1.929650196018
1.9201564525139996
1.9096042421619999
1.8987411098269997
1.8873458722189997
1.8750717649539999
1.8623568448680001
1.848357641165
1.8358742182269994
1.8241271222319995
1.812184877875
1.802563914518
1.7921977217979999
1.782039499733
1.7739434079499994
1.7623971989449998
1.7532067431889995
1.7439937756539996
1.7320161198919994
1.7195711416639994
1.707842921628999
1.6944176646019986
1.680104911811999
1.6689354786389992
1.6553608125629995
1.6446302706249991
1.6361552011779994
1.6253523924479993
1.6142370991789994
1.6035547662529992
1.5942022063039993
1.585394482073999
1.573408401345999
1.5615839190759988
1.549522220123999
1.5365006851329988
1.522556966153999
1.5093737448979991
1.4973246574799992
1.4858354588399993
1.4755523143609994
1.4659886093239989
1.4554124539749993
1.4455340683139986
1.4358218527269986
1.426750251023999
1.4158022128159986
1.4033938300729984
1.3918638413319984
1.3774591114429988
1.3652281898469987
1.3517141765359986
1.3399753003679986
1.327820575396999
1.3180692436959989
1.3071591388239991
1.296664399917999
1.288240920823999
1.2777712511709987
1.2652075771929987
1.251924572278999
1.2397716144329987
1.2263441340929986
1.2115894593529986
1.1989224945069983
1.1887841565209982
1.1764845965869983
1.1639973655399978
1.1535648701929981
1.1433378306399982
1.132521519679998
1.120324184402998
1.1105765035199981
1.101378072856998
1.087827094165998
1.0748068596569982
1.063055477009998
1.0486013424559981
1.033780102781998
1.0224260894509982
1.0087196821279982
0.9953888645219983
0.9843193954469981
0.9743375983789981
0.9635680570509982
0.9527414762499984
0.9416053871079982
0.9280564781249985
0.9157950148969982
0.9042642626859985
0.8899436571339985
0.8762392997379984
0.8636320311839984
0.8515549629969986
0.8400632514109986
0.8278153461889983
0.8178991053579984
0.8069471405179987
0.7972800995899987
0.7865938585599986
0.7705965796409986
0.7601619484529987
0.7465945368089986
0.7330567968299985
0.7208538450699984
0.7075678781399984
0.6945007535329987
0.6811318288409987
0.6681133555469985
0.6569531293709985
0.6464201572599985
0.6352879873279985
0.6227108780069984
0.6106634012039984
0.5996995649089985
0.5867028674589986
0.5735126725169986
0.5624376483109985
0.5482482632819985
0.5329267421229986
0.5207684909089986
0.5076541737299985
0.4962930627229985
0.48204231618199866
0.47177945888299855
0.4614163004819986
0.44972340850199866
0.4376490413959986
0.42590902474699854
0.4136835893189986
0.40157025216899855
0.38979730742399854
0.37409569517399843
0.3598091300559985
0.34774504369099846
0.3347009089479985
0.32195647370999847
0.3061517251559984
0.2927693365199984
0.2819306540179985
0.2691817036929984
0.2535113614819984
0.2381567722369984
0.21808405313999843
0.20668497977299843
0.18927879566199848
0.17668550395699845
0.15177105727899842
0.13877001839899844
0.12469628902599844
0.10813680797899844
0.09110906216899843
