2.9999999999999996
2.9912016303590003
2.9817617666459992
2.973334592004999
2.963882476464999
2.9547213773199994
2.943467164374
2.9328256535119994
2.923048736271
2.912711825014
2.90438001613
2.893872993808
2.8826502800480003
2.8712924426349993
2.8600573180769997
2.8484016288969993
2.8359035073799985
2.8248193348969988
2.813011400263998
2.8044924634029975
2.7933195967379985
2.781274829496999
2.770273294443999
2.7585173669949987
2.748733584755999
2.739002187715999
2.7282556996969984
2.715832835997999
2.7047635368009986
2.6933663728719983
2.681629824066999
2.668651168655999
2.6562528545929993
2.6450698451019985
2.6333290939539986
2.622608378484998
2.612168488170999
2.600657836270999
2.5921589408139996
2.580663932398999
2.5688310197139987
2.558934084349999
2.5476277552889988
2.5356575215939987
2.5241162267759982
2.510513711356999
2.496151303834999
2.483331811050999
2.4723848988959984
2.4619803711459984
2.4508222434259985
2.4393666279119985
2.428717036196999
2.4182138947719998
2.407110037124999
2.397769341988999
2.389586559423999
2.379947192725999
2.3694770251659993
2.3580500566669995
2.345624725580999
2.335157074086999
2.322092859359999
2.311147089159999
2.300094105892999
2.290658437004999
2.279520357421999
2.2687070738429993
2.258369396774999
2.2499145799499987
2.2380581259699994
2.226287614008999
2.2132488044329994
2.199957124109999
2.1887971674019995
2.176163895140999
2.1653446149489994
2.152387764691999
2.141765322243999
2.131658895001999
2.121646037034999
2.1125925276679993
2.1035498859869994
2.091964165781999
2.0835212761749995
2.072014560788
2.0575317123289993
2.044814701150999
2.0316308847249998
2.0198110689599993
2.0074330367579996
1.9968744503619993
1.9866305217489992
1.976286175847999
1.9641552042269994
1.9488313764539993
1.940048545352999
1.928168826353999
1.9172515258589995
1.9069217922859991
1.8960759466129993
1.8850544690949989
1.8749547880539992
1.865678021419999
1.8550328241549994
1.8413662017599992
1.8307857662189992
1.8190210000369993
1.8039049293659999
1.7925444185349995
1.7811256571489995
1.7696210314349994
1.7577339196659998
1.7477652393699994
1.7361766801129994
1.7250306675479996
1.7129824124529998
1.701343313951
1.6876360815149998
1.673545777135
1.6599579437990002
1.6485326845349997
1.636955123387
1.625900753123
1.6157201437749995
1.605283640513
1.5953668857299996
1.5852326670529997
1.576338730995
1.566662206696
1.5542308343200002
1.5417489139519995
1.5293433023949998
1.5164963242979999
1.5021740822010001
1.4889527724829998
1.4771800830190003
1.4656494810150003
1.455048019411
1.4437060477940002
1.4338237366630002
1.4252481854960002
1.4150077059070005
1.4026931187190008
1.3906360507960005
1.3778329228520008
1.3664797369110007
1.3515120109200012
1.3398857076730009
1.329949603934001
1.3181761382240007
1.3055626852360007
1.2935286838370013
1.283299075498001
1.2720189960620012
1.2610315555580012
1.2506825577990008
1.236605880167001
1.228289851416001
1.218373585842001
1.207162092250001
1.195970777054001
1.183977297794001
1.1707386559620008
1.1588842548590013
1.1466375974150012
1.132265226934001
1.1217293058790012
1.110256635787001
1.100455883052001
1.0891159583760008
1.078814587629001
1.0698312802640009
1.061338024819001
1.0516560272520008
1.040182582159001
1.027484951721001
1.016006641904001
1.003913638706001
0.991151390646001
0.9770320265010011
0.965126804268001
0.955782216631001
0.9452800783750009
0.9354912532360009
0.9264708768500008
0.9143735560140008
0.902421543250001
0.8880250048610011
0.875488274448001
0.8667220947430009
0.8563213719790009
0.8430186053820009
0.8311113901280011
0.8177725038040009
0.801424255022001
0.791501483666001
0.7781825029700011
0.7450496691560013
0.7354560150320012
0.7252888471570011
0.7138846248900014
0.7017300411430012
0.6893212609680014
0.6765596267680013
0.6635558377710015
0.6478899229910013
0.6329265230540014
0.6204345338330015
0.6057858782940013
0.5958858766060013
0.5862923357080014
0.5762259319360014
0.5635981025240013
0.5530880823520015
0.5391635823570013
0.5274315432170014
0.5127933605840014
0.49981699544900143
0.4847412600550014
0.4742157475810015
0.4609890805470014
0.4499442729240015
0.43959967524200144
0.42942082568800155
0.4157262464440015
0.4024391068400015
0.39135800973300144
0.3757550591240014
0.3641213315650014
0.35130844601700145
0.33683473581100154
0.32219661156200147
0.30601133867300145
0.29390195554400145
0.27991546630600145
0.26529530938200147
0.2547931549350015
0.23172262635700144
0.2200130288640014
0.20636157524800142
0.18642088599900142
0.17131957690100139
0.15790428726600142
0.14094204132600144
0.1262303562170015
0.10696324592300147
0.09221704818900146
