2.9999999999999996
2.991098035278
2.981727080004
2.9730860965760004
2.963794891299
2.9545019951230005
2.9431628079780006
2.932758111134001
2.923197378953
2.912461107015
2.9039664004379997
2.8933398235010004
2.881919878397001
2.870307870067001
2.8592133517139997
2.847527181972
2.835023230532
2.823972810830999
2.8106364390459997
2.8013378817139998
2.792084109758999
2.780884808968999
2.769879592366999
2.7576689785659987
2.7464922137179983
2.7376471827759987
2.727073442411999
2.716548814627999
2.705011825484998
2.695289385375998
2.6808109292649984
2.6689271925219984
2.6574344663959986
2.6461020862109983
2.636254083677999
2.627489742544999
2.617016607562999
2.6036841880249986
2.5938398658509993
2.5835488761789986
2.5737152437249993
2.5633309514609994
2.552313017334
2.540765040978999
2.527785675484999
2.514708452193998
2.501196059174998
2.489829363856998
2.4775392398579985
2.4673664240339988
2.4579713884039984
2.4470895995849977
2.436422617075998
2.4254783696349977
2.416523117648998
2.4070913793249975
2.397140798635998
2.386405414730998
2.3758196780599974
2.3623065914439985
2.348451955396998
2.3345227202779983
2.323334960290998
2.311503365800998
2.3011357276599984
2.2914277497969984
2.281125476314998
2.2708618606489983
2.2617010478509982
2.2522141461329976
2.2409815337779984
2.2324327828189983
2.2199444467939977
2.208275588407998
2.194706339557998
2.181833849716998
2.171298286259998
2.159681465919998
2.1486312318249983
2.1363437177049986
2.1257957482539984
2.115031216588998
2.104610412655998
2.095340038669998
2.0863539627529986
2.0782357481859983
2.0667704970319987
2.055988307724998
2.0444936646639977
2.031680420373998
2.0179735156339977
2.0049532139439976
1.9936411556469977
1.9811794484829977
1.9714302072749978
1.9610517603409978
1.9521505900429978
1.9413548375109981
1.931083881022998
1.921670908414998
1.9116180921189978
1.8992904120499985
1.8875757273069982
1.872545348499998
1.8594088797769983
1.8444148881819975
1.8323873266339976
1.8207329113389978
1.810233111510998
1.8000715580089977
1.7899408907299976
1.7805777797559976
1.7719010300169975
1.7623020416179977
1.7514602253899976
1.7402897260349972
1.7293354858269974
1.718173279143997
1.7052280805349975
1.6911980532769975
1.6780994473509974
1.6668138440529974
1.6545458189759976
1.644026664287998
1.633175640137998
1.622889006476998
1.6131016672009977
1.6050216530819976
1.5949559504229973
1.5839701587999975
1.5704713140679973
1.5584770272249977
1.5469095673819973
1.533733967911998
1.5195389571789975
1.5069938105709972
1.4946073275719975
1.482646347590998
1.4716369324439973
1.4619703003549975
1.4519977160829973
1.4426008110569972
1.434599077486997
1.423198252803997
1.4139842849449975
1.400641288192997
1.389267950676997
1.378089764299997
1.3649193818869971
1.3502670164559973
1.338509914030997
1.3263610021329972
1.3159139603399972
1.3063570330649972
1.2963139949779972
1.285267429819997
1.2749715726279973
1.2654784685609972
1.254419536497997
1.243087021598997
1.231692756984997
1.2172502002209968
1.2038185240179968
1.1911956946589966
1.1799928899519965
1.1687327246079968
1.1542925778229969
1.1446472129009968
1.1346927539869966
1.1240943872469966
1.1154943318049966
1.1040415263369965
1.0936929350859967
1.0813485588439966
1.0698793835799965
1.0578945032139966
1.0451272532619966
1.0315978581899965
1.0183071278589966
1.0067306043739963
0.9971618780329965
0.9861672368089965
0.9767436147639966
0.9658958502489965
0.9549516697399963
0.9449200679519963
0.9360668950639965
0.9257366067199967
0.9147519210539966
0.8997619487149968
0.8855702401539968
0.8728333376319967
0.8591702472519966
0.8461070454559965
0.8328045315239967
0.8208817866559966
0.8100611170209966
0.8000546917639966
0.7876731056629968
0.7759463128549967
0.7667272742169967
0.7578951008029968
0.7468299494569968
0.7352345204979966
0.7226161501539967
0.7117088089299966
0.6992955270709967
0.6862246220509965
0.6718526623619966
0.6582056546919968
0.6464525765719966
0.6339348114309966
0.6230599037539967
0.6125490331069967
0.6020506247059967
0.5926036423079967
0.5824498907279967
0.5715908381979968
0.5578974812879968
0.5446725843779967
0.5320759848239968
0.5195397401319968
0.5044291753509966
0.4924386842659967
0.4798543482099966
0.4674949278429966
0.4580448334699967
0.4477539397179967
0.4373287458579966
0.4254239213749968
0.41276803652799676
0.3990198085889967
0.3870848390819967
0.37459714815399664
0.3600482552769966
0.3455712843239966
0.3325434188929966
0.3172440182719966
0.3005890597009966
0.2885522917429966
0.2771082138039966
0.2632220737729966
0.25229511963699663
0.23754472778199667
0.22419250524499665
0.2098604215909967
0.19678911607999666
0.1800952036099967
0.1663795878189967
0.14754606437499668
0.1335441976539967
0.1212765397219967
0.1102211225419967
0.09488292569599668
