2.9999999999999996
2.9911502113219997
2.9820793933059995
2.9739002041199996
2.964793394004
2.955505057789
2.944111663696999
2.933627475262
2.923937333495
2.9131732216099997
2.904801938248
2.8943820867469996
2.8828160866709993
2.871930033639001
2.8606110434170007
2.8488078829420003
2.8363213782380003
2.8251609060800007
2.813422160371001
2.8048539876800005
2.7938970388680016
2.7828845487870013
2.771100500527001
2.7620497893520013
2.7526452290750005
2.7426090956900016
2.7306789792130006
2.719112079138
2.7070945053500006
2.6954115749090004
2.6821610930500004
2.6684046503910013
2.6574421569960007
2.644163816117001
2.636052648265001
2.6253350950750005
2.6151763157930015
2.6045972401400013
2.5953679726420007
2.5859646727170005
2.5762217618310004
2.5655349517770003
2.55453122805
2.543106326168
2.528577614627
2.516711260018
2.50499935552
2.4919499727739995
2.4808403019089993
2.4702542009049995
2.4600513130159993
2.449306301697999
2.438734782226999
2.428785209501
2.4204250056000003
2.4111429005919995
2.401449328763
2.3907329085580002
2.379353805229
2.36689082262
2.353054816688
2.339728309352
2.32843421815
2.317706770282
2.307085900732
2.2976489086559995
2.2867584103159992
2.275891799036
2.2658395939729994
2.2552115192439994
2.2436790628409997
2.2304789606029995
2.218698769488
2.2065066447289996
2.193911478544
2.1818516019489995
2.1713693350309993
2.1598300518439997
2.1493515743459994
2.137812077265
2.126897042873
2.112467064674
2.1027841683859996
2.0940134972029996
2.0820930451049993
2.0726431416029993
2.062387738075
2.0523213319169997
2.0419690686359995
2.0311521365479996
2.020991237308
2.0091155911479994
1.9969191966249995
1.9839391621789992
1.9711694565499993
1.9601520814149993
1.9485867386439992
1.9361405240279994
1.9219116756549997
1.9112400534239995
1.9009031838429993
1.8899917079769992
1.8790601535329994
1.8694117422779994
1.8599999806819996
1.8491551519559994
1.8383343974519997
1.8263568744789995
1.8140704838149995
1.8005124059659998
1.7884405507489995
1.7791763101569997
1.7670776257039995
1.755225787824
1.7450592009199999
1.7346935460599997
1.7241112260459999
1.7140063883869996
1.7038203749459997
1.6930971253609999
1.6803522724249995
1.6689919913649998
1.6553268848029996
1.6367882210939997
1.6249677710889996
1.616520787641
1.6036789170069998
1.5911122754789997
1.5803436950039995
1.5695939621739998
1.5576034926849998
1.5465453567329994
1.5356174997339993
1.5226748954609994
1.5099205535429996
1.4948341942399996
1.4827418627240005
1.4705570475960004
1.4590304641690006
1.4488660346609998
1.4378741015260001
1.4267930152620005
1.4171058243130004
1.4077263322220004
1.3968101633990007
1.3876121709010005
1.375713942078
1.3634408176300006
1.3496383368400002
1.3362380960740003
1.324804131142
1.3121652682510003
1.3018890901960003
1.2917793521340002
1.2813793119239998
1.2703907280300004
1.26007798194
1.2480514594370002
1.235797967079
1.2207182566540005
1.2065747326470002
1.192539287149
1.1806135737339996
1.169724424158
1.158633470726
1.1478658690089996
1.1384080048379999
1.1297847376949997
1.116932805121
1.1042352579299999
1.093434845089
1.0827654440349996
1.070448371518
1.0570383869219997
1.0433980868369996
1.0298466263489998
1.019192441027
1.0074648293869999
0.9977727518449997
0.9879258618309998
0.9779617596369997
0.9696984328369997
0.9592152518289997
0.9471333511109999
0.9357005178749999
0.9223864718159999
0.9104281837099998
0.8947490677709997
0.8825650468789995
0.8678547213569996
0.8561581469559996
0.8468590982359998
0.8369567262429997
0.8258006843959995
0.8143051136029995
0.8026123035599996
0.7903457671859997
0.7781165254489998
0.7615964789219996
0.7508497646779997
0.7381554845169997
0.7249282249809997
0.7133987368549997
0.7013082932839997
0.6916108678059997
0.6813490272139997
0.6712843812399998
0.6619606567799997
0.6505876326749996
0.6413964563229996
0.6275433866369997
0.6157034091719997
0.6036483003229997
0.5889253631699997
0.5741786524909996
0.5617709589289995
0.5485633601729996
0.5373346088319996
0.5254031775509995
0.5133043675489996
0.5001177384699996
0.4901016494399995
0.4786033302539995
0.46586451898399955
0.4545899974709995
0.4415588730759996
0.4282309333899995
0.4117091552859996
0.40012147639299955
0.3896673229349996
0.37798408884499957
0.36382251980399966
0.3512506690659996
0.33463185916499966
0.3222357897849996
0.31162196378099966
0.29879784438699963
0.28552617737799957
0.2699735903139996
0.25503932982499955
0.23653991679999956
0.21939902504799957
0.2042470240119996
0.19167744709899961
0.17752147289899958
0.16037648130299959
0.14814807327099958
0.1352327014199996
0.12066849591399961
0.1055985371919996
0.08767760989599963
