2.9999999999999996
2.9910864791400003
2.9818761832489997
2.9736210963959997
2.9644295669729996
2.9552232783919994
2.9437410812779996
2.933212066314999
2.9235865289149996
2.9132036815759994
2.904714024346
2.8940775773719998
2.882724560051
2.8715881704840003
2.860010551335
2.847782768754
2.835098664026
2.823578600094001
2.8118342081500005
2.8030382529430007
2.7920654621410006
2.781053650901
2.7701789439890003
2.759357146538001
2.744945075673001
2.735586555801001
2.7272881084500007
2.7157512418130008
2.704709215938001
2.692881042056001
2.6832586931180007
2.6727406672440006
2.661259377365001
2.6523379581640003
2.6377956741690003
2.624616444121001
2.613070369203
2.6008838733800004
2.5909172694750002
2.5809326938249995
2.570169268751
2.5600362909839998
2.549004345731
2.5393870116909993
2.529970948119
2.519269984284
2.510482745725999
2.498863073738999
2.485102288411999
2.4722539517519992
2.4586121432489993
2.4470438192919994
2.436254714178999
2.425096438560999
2.4135624553839987
2.4034510159669993
2.3942830373959993
2.3846507370329992
2.3744817448629996
2.364043882312999
2.355301575176999
2.343496004137999
2.3292266872189993
2.315203569486999
2.3020465407419985
2.290225739480999
2.2785585029969986
2.267915030990999
2.257600976898999
2.246962882793999
2.2366744338929987
2.2265322922689985
2.2170794212469986
2.207983978948999
2.1974924057819987
2.1860772228129988
2.1731566267279985
2.1591567750119984
2.1474447203799985
2.134793363906999
2.124343984498999
2.114024080576999
2.1042001234099987
2.096022013685999
2.0847970310029993
2.074107038919999
2.064795856932999
2.053518656006999
2.0418855824869993
2.030381549987999
2.017286271954999
2.002783075671999
1.9931367039079986
1.9811652793439989
1.969230645809999
1.9578357074879993
1.9485847936709995
1.9376998726489998
1.9265097403529996
1.9149058304339992
1.9034412832989995
1.8905887514669992
1.8773828273189996
1.8626138788429991
1.8532746663929993
1.844975626514999
1.8356461626499994
1.8246551201609995
1.8131792641609996
1.8018052774369997
1.7875410611619995
1.7727823612229994
1.7600455979909992
1.7487065696139994
1.7368407109179989
1.727126074112999
1.7170813341679991
1.706782322034999
1.6987755831639992
1.6892469673849992
1.6783024764519991
1.6692654880629993
1.6585302928769992
1.6480813797239993
1.6340284125799989
1.620728273291999
1.6094991297089993
1.5972408797759996
1.5837471043399995
1.5735798273039994
1.563311974427999
1.5528587668029992
1.5419910218959991
1.5321994331109992
1.522611486483999
1.511799529386999
1.501681831056999
1.489711361458999
1.476723133506999
1.4619255872719992
1.4497037386419989
1.4369408327379989
1.425391307099999
1.4156361961169985
1.4054931370789987
1.3950891995489985
1.3867645831079989
1.3754663420539983
1.3659333149969983
1.3568954805919986
1.3462558114589989
1.3336474345059983
1.3210060144379985
1.3077355009169984
1.2940089411929983
1.2801836424489983
1.2683037289029984
1.2568211852709983
1.2461393215189982
1.2347723049769985
1.2248002609579984
1.2150860779759984
1.2045225287979984
1.1943298972389984
1.1830199776779984
1.1674030964629984
1.1557338974309983
1.1432788273859984
1.1292657103069983
1.1155752747059986
1.1049297445359985
1.0935478366919984
1.0816501188939984
1.0713507768679986
1.0604163596729985
1.0503543933589985
1.0409235389049984
1.0322091265349986
1.0225396865089986
1.0115086927149985
0.9977676094139986
0.9830765738399986
0.9707476120769984
0.9552656161179987
0.9422876641359985
0.9299297165609985
0.9201295297399983
0.9090203551599986
0.8974043852929985
0.8875437550109985
0.8763765292839986
0.8660696769499985
0.8556666783659986
0.8430943555449983
0.8303276754349984
0.8151193851679984
0.8026747384939985
0.7909080131739984
0.7798188646469985
0.7688046954659983
0.7549736143449984
0.7419463066299985
0.7303424402559985
0.7186897365119985
0.7070516146179984
0.6977989269139986
0.6871075795709989
0.6751223361229987
0.6628967043249985
0.6506655938639985
0.6364943983009985
0.6218877145409984
0.6073103185379984
0.5956131722109986
0.5833547593199984
0.5729950469209986
0.5629704747249986
0.5525848286529986
0.5437911767669985
0.5333122736649986
0.5215652277169985
0.5061462527529985
0.4955069743879986
0.4812152087169985
0.4673968913779985
0.4546504774639985
0.4419721914059985
0.4295837384389985
0.41844935508899844
0.4069373877729985
0.3948240953829985
0.37721842369399844
0.3655169930759984
0.35212043271999854
0.3401512425209985
0.3239963039829986
0.3075676340629986
0.2953138426479986
0.28340384381999856
0.2624308184799986
0.2496316902689986
0.23630762897999863
0.22314892801899863
0.21155779724799867
0.1905551135089987
0.1705227313289987
0.1564144995419987
0.1422623762899987
0.11990375246799868
0.10342483655699868
