2.9999999999999996
2.991411674762
2.982434839279
2.973113759335
2.9639145755550005
2.954647175286
2.945532357072
2.936206786778
2.926651219918001
2.9161991314530002
2.905613095478
2.8952687488480002
2.8843651706199998
2.873729592562
2.863880540105
2.8539997550370004
2.8428722461460003
2.831595165315
2.8219359649629996
2.8110946328949993
2.799533127568
2.7873640284089998
2.776204096051999
2.764596494628999
2.753196135873999
2.740978781844999
2.729005295200998
2.7168098134939984
2.705073896659998
2.694024032933998
2.6819661997409985
2.6694186144839973
2.657539206012998
2.6457409088549984
2.634246020123998
2.622443662906998
2.6118799499769976
2.6007768742879978
2.5891367950479984
2.5760161362909986
2.564081272805998
2.551171603692999
2.538763659095998
2.5272633434319984
2.5151330609939984
2.502788952805998
2.4902293991269984
2.478258601363998
2.468093678375998
2.4565748756239985
2.4429757119859983
2.429692596776998
2.417898733791999
2.4044545000739985
2.3913504482949977
2.3762922173479986
2.362435653679998
2.349943280966998
2.3378201627919974
2.325519360559998
2.313080076250998
2.3005213364819976
2.286410337618998
2.271978919176998
2.2595381914369974
2.245745884104998
2.2320306873989977
2.2179778363999976
2.2043727062439977
2.1912454029299977
2.1779718908359977
2.1651175828279983
2.152095552119998
2.138818725839998
2.125577901860998
2.1126275899649976
2.098464061315998
2.087349980966998
2.075339458569998
2.063357511824998
2.052580443409998
2.040678690702998
2.029733583444998
2.0177570793859987
2.005903833236999
1.9925568052159983
1.979859828383998
1.9664098333159983
1.9544000829169978
1.9430790278449979
1.930380067824998
1.9172964402789983
1.904724438163998
1.8913346446889987
1.8780411109279986
1.8643094873679986
1.8505649224049985
1.839643518074998
1.8267005136989984
1.8141493495809982
1.8009337138439978
1.7892284756889982
1.7772345280139978
1.764803495953998
1.7536487792169981
1.7422629605919981
1.7298760215559983
1.7173411839579982
1.7038125096289982
1.6910942728889982
1.677991666081998
1.6644734155799978
1.652206682136998
1.6407313020459977
1.6270250027019975
1.6146351800769976
1.6028300428499973
1.5886365015519979
1.5759212631699973
1.5621597588369973
1.5475503649449982
1.5336833930969977
1.5193888837309977
1.5063241021619977
1.4934816558329977
1.4814874806199976
1.4701872442019979
1.4580624258399977
1.4450580553399976
1.4316395858619975
1.4186711894749977
1.4063154861869975
1.3940848060729976
1.3792212142109979
1.3656734969049977
1.3531854380919979
1.3407628114339976
1.3289383302699977
1.3166641268629975
1.3040593315569975
1.2930073479339976
1.2804188420829978
1.2675837119809983
1.256870258473998
1.2446242249169983
1.2321234980139981
1.2186695401269985
1.205115749629998
1.1917950292579982
1.1794886122669983
1.1681604931209983
1.156796659328998
1.144633311887998
1.1341599152589983
1.1233088873449983
1.1122701921819982
1.1005417524849983
1.0895060564599983
1.0786060121799985
1.0658919860879985
1.0540608564659983
1.0387319925499983
1.0256632818649984
1.0130673796119984
1.0011143609699986
0.9885487921239986
0.9753593281309987
0.9614199313589986
0.9486119352329987
0.9358526811779988
0.9230533252689986
0.9119698296159987
0.9018507233119988
0.8889348313639986
0.8771353042789988
0.8637666143279988
0.850070570736999
0.837431796899999
0.8233435664039989
0.8086687169689991
0.796291795536999
0.782871107067999
0.7687528672059989
0.756071554982999
0.7436950042209991
0.7307849734729991
0.7171587069789991
0.705733122767999
0.693915417061999
0.6798263491779992
0.6664376175179992
0.6522311550579991
0.639049579158999
0.6250155828419991
0.6136198213519989
0.600332197993999
0.5878510490299991
0.574419561546999
0.5619637667679989
0.5496594906679989
0.535005410257999
0.520055639602999
0.504800142427999
0.48931755275799893
0.476157775172999
0.4627213235189989
0.45151242620199894
0.43861720084699884
0.42421976047199894
0.41076540656899885
0.3987121728159989
0.3862624920039989
0.37222215958299887
0.35933270572799886
0.34602207309599886
0.33091762007499886
0.3154914716279989
0.3013783421509989
0.28743007137199894
0.2705594804169989
0.25556361027699886
0.24263223958299893
0.22778886025199896
0.21514162870499898
0.20276489661699898
0.18685714616799903
0.17238843514499902
0.15765901735799906
