2.9999999999999996
2.9913948721570005
2.9826167434729998
2.9734827853069987
2.9642114764649987
2.9550566090839987
2.9457625871799986
2.9366138813449987
2.9267832815449992
2.9165776905409992
2.9062905359319986
2.8958391361529987
2.8849416436939985
2.874074060044999
2.8630930973929987
2.852317359526999
2.8413903615449994
2.832124322915999
2.8218100784789995
2.8109650777919994
2.7991055405739997
2.787651793507999
2.776102874512999
2.765076447251
2.753123507481
2.7420947509179996
2.7307370243799998
2.719765769966999
2.7090469727119997
2.696480998483999
2.6848960299429994
2.673342623352
2.6617499881579993
2.6498311061289987
2.638175208904999
2.627373795954999
2.615962399074998
2.604185069715999
2.5923523069369985
2.580038048895999
2.5673822309039984
2.555732853877999
2.543870157212999
2.531817129879999
2.519387871692999
2.506363852284999
2.4939499188029988
2.4821006735539988
2.470275272175999
2.457777249313999
2.4459059746009983
2.4322713720589983
2.4196688546219987
2.4072175095979986
2.3947630416929986
2.382482445477999
2.3702837932339986
2.355379532875999
2.3414840772699987
2.3289050556029984
2.3169238642529986
2.3046261908139987
2.2921795811139987
2.2797304964709992
2.267344225863999
2.254051590696999
2.241230160271999
2.228658071067999
2.2153534931569987
2.2028473138399987
2.189658048921999
2.1770749358779993
2.165967398518999
2.151922437582999
2.139203305981999
2.126530024844999
2.112543320443999
2.098826625544999
2.086354706616999
2.075859846421999
2.0642137311129996
2.050800512086999
2.039044427924999
2.025048256460999
2.011071035670999
1.9998348198459992
1.9872862785759988
1.975527933427999
1.9636987292429993
1.9500635143149991
1.936637630995999
1.9235106895089986
1.9099150524109987
1.8975678075969984
1.8837331789299987
1.8719271895179983
1.8595583483389984
1.8477011575919986
1.8368811348599987
1.8251892185469987
1.8132438614759987
1.799139379686999
1.7871314221639987
1.7749185949709985
1.7634190950729982
1.7508112896149985
1.7398018802339987
1.7281606361119985
1.716303333338998
1.7049001219219984
1.6935005753209986
1.6832265094359988
1.672656612268999
1.6596671801069987
1.6461226173279988
1.632830584309999
1.6198418279189992
1.6056250901329996
1.5921172320769994
1.5792060996549997
1.565082988294
1.552073860078
1.5399218667219998
1.5271781813
1.5143448225539997
1.5016279816179998
1.4885372647599997
1.475138276054
1.4618191975709998
1.4481644342379998
1.4343308087189999
1.4228799626159998
1.4103035256659997
1.398690658824
1.3854441603040002
1.371895872175
1.3598844723830004
1.3497401979060004
1.337088123675
1.324313511995
1.3100787857940002
1.2976107144620004
1.2838416325260003
1.2717670399830003
1.2584414119420002
1.2471320664330006
1.2357809862530007
1.2243421694240006
1.2121841270220006
1.2004625686920005
1.1866915810010004
1.1734001728500003
1.1606180229390006
1.1475073285540005
1.1348510401410006
1.1228597870050008
1.1094595014920006
1.0967531439330003
1.0832735469850003
1.0707018838750006
1.0596266688240004
1.0479098665030007
1.0340056976520007
1.0212378272080007
1.0104102876170007
0.9977339422780007
0.9858304469480006
0.9736758516050007
0.9607751786180008
0.9497950188680008
0.9378502968120009
0.924429034954001
0.9109452380780009
0.8964650447390009
0.8820366062460009
0.8674485186760006
0.8545962913610008
0.8424561373730007
0.8305450942700007
0.8178716022120007
0.8055661642830008
0.7944277154150008
0.7818621981250005
0.7682526981970006
0.7546578055790006
0.7424507497670007
0.7289209990800007
0.7163540003870008
0.6998591460990007
0.6849311857250006
0.6711558300500005
0.6599379208640004
0.6479491761630004
0.6366599235990005
0.6249206774780006
0.6123374573530006
0.6005667464550006
0.5874945736200007
0.5750494576830006
0.5594029694300007
0.5457846686120007
0.5328866932910007
0.5194750780010008
0.5013391369670007
0.4859178619370008
0.4751626848560008
0.46104886528200084
0.4482747672780008
0.4345133270650008
0.4225014790110008
0.40811473442500085
0.3942228481870008
0.3786615409220007
0.3646340939480007
0.3469676589130008
0.33426121194900077
0.32163366724100073
0.30730778625000066
0.2927875443350007
0.2795692015010007
0.2661391202180006
0.25362354865700065
0.2390944176870006
0.2239912025640006
0.20994844605000063
0.19439762122200058
0.17973606379100057
0.1672482262260006
0.15306589381800065
0.13789788684000062
0.12324648834800063
