2.9999999999999996
2.991677053964
2.9828075513959993
2.973758643164
2.9645335621879996
2.9552162697039996
2.9457635212169997
2.9365796173189995
2.926749113852
2.916558200178
2.906360968753
2.895902702728
2.884865148129
2.8740640426270003
2.864600861228999
2.8551453705259995
2.8441643833179993
2.8329485686399996
2.822720976039
2.811104557698
2.799151146427
2.786888747661
2.776164181018
2.76528512003
2.753772266053
2.7415012407469996
2.7293236669989995
2.7174257065849994
2.7064114273169992
2.6948288599929993
2.6828434566479986
2.6717053452999995
2.6585686770459986
2.6461175878029985
2.632652293175999
2.620284768313998
2.6080437202699978
2.5962991146749976
2.5842041555229973
2.5730062497309976
2.561301655361997
2.548834841469997
2.537304588607997
2.523632026454997
2.510291472329996
2.4974878303299963
2.484163765194996
2.4697094755169964
2.4556495426809963
2.4436922177049967
2.4311665429209968
2.4185559881289964
2.4056590112059966
2.3928294039629963
2.3791267964289964
2.366859064665997
2.3537810111259962
2.340206054620997
2.326250497447996
2.3139277673739964
2.300117805434996
2.2872848620449955
2.273506994989996
2.2604308696529958
2.2466237094759958
2.234033577269996
2.2208063201709956
2.208609877029996
2.1972478799099964
2.184275274696996
2.1714642039339958
2.157869189302996
2.146219390341996
2.1351463719619956
2.1233226742319964
2.112586217728996
2.1023657528979958
2.091189674750996
2.0798059656059955
2.068789864013996
2.0574395404209964
2.045093880575996
2.0333691480389966
2.020179050788996
2.0079504117159965
1.9958697075389964
1.9847476204209962
1.9716182555639963
1.9589113537169962
1.9443763771079965
1.9315347766409963
1.9198750611269968
1.907822406712996
1.8957361816379965
1.8834101522559965
1.8691987434639965
1.8558912594109964
1.8432639370359962
1.8298226345439963
1.8182049656829968
1.8066148206999963
1.7948418119509966
1.781777346692997
1.7676924950569972
1.7551465929079972
1.742161620160997
1.7310919345829976
1.7190993196459972
1.7059041195259967
1.6928946300589969
1.6797062921949968
1.667760745115997
1.654380538126997
1.6408429772749973
1.6283961364899975
1.6148877107259978
1.6015337818659974
1.5913430476649975
1.5795844707629976
1.5682392804909973
1.5559416658989975
1.543847462210997
1.5307146337689976
1.5173641054549976
1.504141953146998
1.4924622938359973
1.4802711207969976
1.4678007276459974
1.4570029654779977
1.4458429971389974
1.4319601820039976
1.4204005158789974
1.4062281624229973
1.3918110002899975
1.3773269474449974
1.364354795487997
1.3510904886739974
1.3386041609999975
1.3263269283709973
1.3140471664939974
1.3011824669939973
1.2897961027889977
1.2767350687549979
1.265362108821998
1.2519811812169979
1.239433439999998
1.225678941453998
1.214128958859998
1.2011234892799978
1.1870842605189977
1.174696917678998
1.1631317509899979
1.1508391646109979
1.1383483652289978
1.125761379852998
1.114208351967998
1.100534494529998
1.085098532388998
1.0744780837919978
1.0633917476269978
1.050656571066998
1.0372385230939978
1.0242504284849978
1.0126649387639979
1.0009840190539978
0.9884348980689978
0.9755105210239977
0.9629599168659977
0.9494910263799978
0.9346261815149978
0.9204267013449978
0.9075331274329977
0.8957286383819979
0.8835240300329978
0.8722019728639978
0.860148507145998
0.8472004571819978
0.8355245525729977
0.8232071955179979
0.8113088239999979
0.8001910541649979
0.789314325431998
0.7762954015359981
0.7627424665239981
0.748831867047998
0.7370974637559979
0.721701735294998
0.7079399052249981
0.6947498388879978
0.6825922161469979
0.6696687721819979
0.6566371637139977
0.6422992241979979
0.629259476697998
0.617637928611998
0.6044255606059981
0.5913207092359979
0.5771595933179978
0.5616395265909979
0.5482302643889979
0.5338876471809979
0.5213977496679979
0.5087789848629979
0.4959788818779979
0.48164634797499783
0.46699818687599787
0.4530308574449979
0.4412483794599978
0.4277073738719978
0.4138744378099979
0.4001648954259978
0.38273827008699784
0.36969677172299786
0.3580233902609979
0.34214593448599795
0.3290721777519979
0.3180457766039979
0.30577569484399786
0.2912757792909979
0.2777718196149979
0.26273295061799795
0.249552298449998
0.23533467291499796
0.21986812747299794
0.20394207676999798
0.19158492115799805
0.177131283735998
0.162999608963998
0.148324429136998
0.133648073674998
