2.9999999999999996
2.991589009608999
2.982402520835
2.973397135109
2.9639608348409996
2.954720027381
2.9463179698940003
2.936990403727
2.927151477629
2.916577029976
2.906080667194
2.8957966267329995
2.8850091133959994
2.873714480536
2.8641397987470003
2.854300056192999
2.8433608273109994
2.8324456756010004
2.821552066756
2.8109523777620002
2.7994964454279994
2.7879008204080002
2.7760253304930007
2.7653637578629997
2.753712174983
2.7425571844500003
2.7308542283450006
2.7188210177840006
2.7080482013270006
2.6977915165559994
2.6862884003160006
2.6752341840010008
2.664315584045
2.653121984285
2.6419360613379994
2.6291723716190005
2.616931391915
2.6046802522539996
2.591365229396
2.5795691094790003
2.566214895102999
2.5529991013349993
2.5388739924230004
2.5262184056140007
2.5141810112080005
2.50131156193
2.4889692959120007
2.4765370637840003
2.4641661843270004
2.4512567627080006
2.437787108368001
2.4249283062540004
2.411482366109001
2.399751753996001
2.387002166931001
2.3745645533730007
2.361674453479001
2.3481626040890005
2.334140787102
2.3199353938180005
2.3064615045820007
2.293834114980001
2.2812450040540004
2.2678894307990003
2.2552880879350004
2.2430923064810004
2.230227264459
2.217953154345
2.204693453607
2.1910062220980002
2.1774103531070006
2.165225452576
2.153804860373
2.140468658581
2.128419864333
2.1153137158029995
2.102292417544
2.0899274025879993
2.077283520317
2.064150227631
2.051808999153
2.0400196490240003
2.027400675721
2.016001815844
2.0030946946570003
1.9912138495310003
1.9788423716380006
1.9657795382990013
1.952796600386001
1.9398630333880014
1.9273716914950008
1.9132299508130008
1.899295696408001
1.886673186008001
1.874639635446001
1.862756976433001
1.8502549184160009
1.8391281299200013
1.8271562017280012
1.815091798455001
1.8027485003620012
1.7899376155800013
1.7788784051720012
1.7660439118660012
1.7523795911980011
1.7404873535170013
1.7276844441990011
1.7151418665910014
1.7035645895500013
1.6911023520740014
1.6791241995020014
1.6663816406770013
1.6551151624980012
1.6425675756540015
1.628981068072001
1.6163026920140011
1.6033963497270012
1.5905550650020013
1.5775491275810012
1.565034659627001
1.551900089117001
1.5376190409950008
1.5254312664060008
1.5127523364500008
1.500956205732001
1.4879925502450007
1.474960728264001
1.4633395144540005
1.4497851465060005
1.4365234438270007
1.4238755480970005
1.4119036225330008
1.3989757860990004
1.3871289216440008
1.3753896372830008
1.3640061704390007
1.3526651032470007
1.3413153316370008
1.329858498481001
1.3177658368220013
1.305144219034001
1.2918119771990013
1.2784680894850013
1.263182969683001
1.250643970396001
1.2348977247040012
1.2203267193400014
1.2084859600960014
1.1968290967230015
1.1848737808800016
1.1731529738180013
1.1614869918600017
1.1481310029790015
1.1346593131900016
1.1216113432280017
1.1099518258500016
1.0975872511910014
1.0834268597340015
1.0697541847870016
1.0573081040450019
1.0448563078620017
1.0322602950920015
1.0204379958030014
1.0099938701670015
0.9979594976800017
0.9850247263770016
0.9726942969870015
0.9592799801540015
0.9466627533130014
0.9339010265940015
0.9216855883340015
0.9089101526460016
0.8962691737000017
0.8841020720490016
0.8692598696900016
0.8544960555170016
0.8414216645810013
0.8314080355810014
0.8197688345920016
0.8079211358850013
0.7962620467460011
0.7838991741240012
0.7719027113470014
0.7606694798940012
0.7464127656130013
0.7341678154090013
0.7212723300270012
0.7039899929580014
0.6900641480140013
0.6755526346860014
0.6623870294130012
0.6513041235730012
0.6395681003480013
0.6274125419600012
0.6148554563790012
0.6015779434770012
0.5890695574010012
0.5769974344230013
0.5618033126810013
0.5474674793890012
0.5336219217670012
0.5193327556540013
0.5054464394440011
0.49170598660200127
0.4779293456590013
0.46662268338700125
0.45219769530900134
0.43808792380700134
0.4249788871700013
0.4126575921980013
0.3996105604470013
0.3856261794980012
0.36984758126200123
0.3558464277660013
0.33819354218900133
0.3262361916980012
0.31122230700700115
0.29854917789900126
0.2849687005870013
0.27302143924600125
0.26274751711400124
0.24903026155000127
0.2331319732900013
0.21894498348900127
0.2063529759010013
0.1915289411940013
0.17364971923000136
