2.9999999999999996
2.991461152705
2.982519196136
2.97332771859
2.9640198533929993
2.9546695653399997
2.9450367068259995
2.9361442661069996
2.926392043454
2.916335525699999
2.906137410136
2.8957705796529996
2.884938803555999
2.8742949273169995
2.8651655124349995
2.854126958831999
2.842466099872
2.8309787011019987
2.8202497958549992
2.8093039271569995
2.7972093822389996
2.7854808499879997
2.773966050568999
2.762646243411999
2.751470354124999
2.7398028500459986
2.728575098764999
2.716959364457998
2.7044834658149988
2.6918410508929984
2.6795720026789986
2.6692934653549982
2.658367829353999
2.6458492462259984
2.633748745875999
2.621392657259999
2.6087203817009987
2.597136881492999
2.584817223901999
2.571424434786999
2.5592386908549978
2.5455381796839984
2.5319788606739984
2.519570682079999
2.507725311271998
2.496245064668998
2.4837009206729985
2.4714896348949984
2.4592938270929983
2.448093564480999
2.436153690076999
2.4238676035069986
2.4102635104809984
2.3982509824849987
2.3848450157779992
2.371928822199999
2.3596095149879988
2.3464051235409986
2.3343840840579984
2.3211199976629984
2.308580846440998
2.2961065526989977
2.2821678351969976
2.271074490199998
2.2594341806459983
2.246360112977998
2.2335696727809986
2.220748534895999
2.2078326680169984
2.194294285281999
2.181484161223999
2.1687144669849983
2.155885583674999
2.1437573666029985
2.1309870799159985
2.1196716262499984
2.1069550310439986
2.094810374332998
2.081864824935998
2.067971789413998
2.056273687573998
2.043150225319998
2.030609171285998
2.0160189138049978
2.003635773403998
1.9916020754339978
1.979559961160998
1.9668830046359982
1.9547452627889983
1.9423800117779981
1.9306903311709982
1.9184395085049983
1.9064383699709986
1.8948609556619984
1.8827807795079978
1.869485908562998
1.856843536356998
1.8451145555009982
1.8317689964599984
1.8199749528099982
1.806810555332998
1.7947954877569983
1.782618219212998
1.7688277868419982
1.7579850987889978
1.7460684732339977
1.733118629925998
1.718783921642998
1.7051606911739978
1.6915857726349977
1.6784677289819978
1.666799625474998
1.652911022320998
1.6395771580199978
1.6269724428969978
1.6153891217659977
1.6027210000199978
1.5892173799609979
1.578170623736998
1.5671684599409983
1.554652186313998
1.5420947296609981
1.529228238446998
1.517084996850998
1.504026237704998
1.4902694869479978
1.4763962679059977
1.4639712158779985
1.449424238467998
1.4378199540559982
1.4246667720559978
1.4130386153849976
1.4003104179649977
1.3874926641819973
1.3763156150559972
1.3645727930999973
1.3521332258819974
1.3408106958549972
1.3274513292739973
1.3144938663709977
1.300808896006998
1.2859990939309975
1.2718454374519976
1.2583707695959976
1.2449275508349975
1.2323191730229976
1.2179409693479977
1.2040114227309977
1.1910541611379977
1.1800389946929974
1.1674420226959978
1.1562467590169978
1.1430775496779977
1.1316452687719978
1.1200159678889974
1.1078455662689974
1.0954459239909975
1.083290798041998
1.0696736086919978
1.0570788220839977
1.044416312237998
1.031482267432998
1.018643163431998
1.0063011324949978
0.9940266755849979
0.9811147250689978
0.9687786695419977
0.9539589827539976
0.9418427805149976
0.9299054764799976
0.9159124240969975
0.9027766748999976
0.8900431024429976
0.8784728171179975
0.8658507825619977
0.8528585595789976
0.8418756072659976
0.8290277638359975
0.8160789793719976
0.8032911798629975
0.7903847725729976
0.7798782980189976
0.7691044092779975
0.7557283423409976
0.7428641914719977
0.7316564725579975
0.7193828162019977
0.7083177746689977
0.6967939365829974
0.6849035440019976
0.6739395728059975
0.6605855644519976
0.6477264568439977
0.6348093053679975
0.6203019571289975
0.6064432810119975
0.5909346055749976
0.5775173432369975
0.5645042556139974
0.5521855929729975
0.5392497884659974
0.5250971151119975
0.5126294998559975
0.4996588567649974
0.4869683251429974
0.47335689622999744
0.4618124361709974
0.4471774708259974
0.4350064832139973
0.41986104049599743
0.40619117808099736
0.38944542886699735
0.3760412204949973
0.3600183996259973
0.3479018778749973
0.33361025292999735
0.3218563941239973
0.3091604229079973
0.2968082157079973
0.2838079338799972
0.2691636090759973
0.2565826334849972
0.24330733081099726
0.22885422480699733
0.2166360412079973
0.2043316958149973
0.18691396937399735
