2.9999999999999996
2.9916067762059995
2.9827699489160002
2.973415830239999
2.9641769249329997
2.954936251334
2.945825977163999
2.9368870501009994
2.9270733122319994
2.9169217060529995
2.9063882327819996
2.895827929247999
2.884429098283
2.8734898293719997
2.8638947286030003
2.854274065674
2.8436657480410004
2.8318829436140005
2.821089096853001
2.8096651754420003
2.7977184342820007
2.785800086214001
2.7747471159070005
2.7639116005840005
2.7527415153890007
2.7415791185910003
2.7303683582590006
2.719363561794001
2.707762610849001
2.695601063585
2.6826933225760006
2.66974550201
2.6576500187100005
2.6455811537410003
2.6328233136970014
2.620550614403001
2.607487392252001
2.594044135717001
2.581680595046001
2.5711436885050003
2.5607146643920005
2.5488320985400006
2.536370868667001
2.524473258447001
2.5116469148200014
2.498494951873001
2.486694393782001
2.474474050778001
2.4607107392410015
2.4482326770830003
2.435455592676001
2.4218982479990014
2.408418679676001
2.3946098714680017
2.3822538568840015
2.3697882163970014
2.358394320755001
2.346296281593001
2.3344111190960017
2.321556815933001
2.308734847295001
2.2969069597140015
2.2869124468820017
2.2746653219430013
2.2642858299650017
2.2523473299900014
2.2404544280570016
2.227634990767001
2.213953103120001
2.201327594878001
2.187522791618001
2.1743940214650013
2.161705422813001
2.1492582185870015
2.1385651339440015
2.1279300374510015
2.1173121090820017
2.105997804874001
2.0958728753540012
2.0847170066720007
2.072906508782001
2.059989477357001
2.0468640167120014
2.0339630382950014
2.020799124069001
2.008196241232001
1.9959461570630004
1.983911595823001
1.9701611187050008
1.9561556914350007
1.9417693641020006
1.9292356184890005
1.9177201444610006
1.9062140602270008
1.894506549344001
1.8812518338400008
1.8681088273160007
1.8556034297200008
1.8434357341790006
1.8290823549830009
1.8149442342520008
1.8017376211200007
1.7880568903410008
1.7755641875910007
1.7635938686310006
1.7508676320340006
1.7392002621620006
1.7272233551590004
1.7153074601300007
1.7029228161070007
1.6923493222970007
1.6805476745190004
1.6681820302630006
1.6571165915900004
1.6437497272230004
1.6302148342970004
1.6183583025820003
1.6058064941940002
1.5915167924030003
1.5774973906079999
1.5630714190969999
1.5510508188209997
1.5386098611439996
1.5279797498759997
1.5170576606659996
1.505933471281
1.4925191986000002
1.478742394946
1.4660733066779996
1.4536557152999998
1.441354764683
1.427502747099
1.41516899415
1.4023905621099997
1.389798555754
1.3783742305909996
1.366982430224
1.3536013834060001
1.340299700694
1.3283810615230003
1.316090302584
1.3038592474010002
1.2911686642130003
1.2764708502240005
1.2643273652890001
1.2528270837760003
1.240929438232
1.228982616742
1.2165275372020001
1.2043162033960002
1.1909236926950002
1.1781989210440003
1.165014838493
1.1516381424739999
1.13908257201
1.12610290653
1.1132546140439998
1.1006099991109999
1.0853343241879996
1.0712874795099998
1.0590967029299998
1.0459398387229997
1.0327945063669999
1.0183297861079998
1.0049489787639998
0.9925756801519997
0.9779727596589993
0.9648627647779994
0.9499521712699995
0.9376031136969994
0.9262752130759996
0.9116848649139995
0.8964911709609994
0.8828385525609993
0.8689264510599993
0.8536426226689995
0.8396975540159994
0.8270099570629994
0.8137394406119993
0.8024015945839996
0.7883991898889997
0.7761036378789995
0.7625396920389995
0.7480696148649995
0.7350226758469994
0.7214952071469994
0.7084472539589994
0.6936064942749995
0.6796995658249994
0.6662937481319996
0.6543472715789996
0.6420581754159996
0.6299526398479995
0.6172990380179996
0.6057201243189994
0.5921129862199994
0.5781037203059995
0.5635509480089995
0.5499530413569994
0.5363575205829993
0.5206227010359994
0.5097100201049996
0.4935338456009995
0.4813321645559995
0.4685165550319995
0.4549458612109994
0.4442451155379995
0.43227313253699956
0.4181664182899995
0.40168843539299953
0.3854704240019995
0.37090342256199943
0.35362891607799946
0.3375127937889995
0.3222194551009995
0.30906034689699946
0.2985310821689995
0.28401063966499945
0.2710623527649995
0.25835467844399945
0.2420454745869995
0.22977457198199944
0.21596820391799945
0.2032684226009995
0.1886048843789995
0.17393780044299947
0.1587093831519995
