2.9999999999999996
2.99148764405
2.982469075107
2.9731172228309997
2.96389644119
2.954770558492
2.9456315940270006
2.9362313572130003
2.9267117217120004
2.916262325464
2.9057517119879996
2.894979459455
2.8841631763969997
2.8734918465569996
2.8630247854860005
2.8530676087959996
2.8424785036499998
2.831274478534
2.820509183450999
2.808216752984999
2.796848382957999
2.7857573180719983
2.774502577127998
2.763365802181998
2.7513253500149983
2.740100882095998
2.7281715925179983
2.7170643377049988
2.7061812698059984
2.694673703339999
2.6839707118339993
2.672379055174999
2.6599810907379986
2.646912762424999
2.635898225404999
2.623654239682999
2.612143751006999
2.599518747450999
2.5869642079549995
2.5761842773579984
2.5635080926289984
2.552339235363999
2.5402669599169982
2.5272781504009982
2.515734865129998
2.5047270380779985
2.492814704745999
2.480738003689998
2.468223373766998
2.4555365415949986
2.442945230581998
2.4296239713779983
2.4173094896449983
2.404258792512998
2.391672870305998
2.3780038165379986
2.3646153614479988
2.3512926029539987
2.339694548058999
2.327076498853999
2.3147819275029984
2.304324120418999
2.2922075832039988
2.280722634660999
2.268933040052999
2.257436211836999
2.245390358751999
2.2304492902959985
2.217605806474999
2.2039672458859987
2.1902677919999984
2.178627814658998
2.1666047493529983
2.1544879751749986
2.1420439259489985
2.1295476468299985
2.1162508444789987
2.1028515773589986
2.090258180086999
2.0789602576009982
2.067391827692999
2.055163116930999
2.0409693339779986
2.0278822103869985
2.0155498102089986
2.0021405518169986
1.9890680191479986
1.976266157190999
1.9640156260009987
1.9538566080649988
1.9414045791369985
1.9275128771079988
1.9149391256539987
1.9018354697249984
1.8901776959009988
1.878071828738999
1.8661602450909989
1.8537071399269986
1.8409250922489988
1.8267764343859991
1.8148660737099995
1.8020443015819994
1.7891940339719992
1.777305710592999
1.7664871303789993
1.7541758756829993
1.7418681532729992
1.7289609357179991
1.7164557811469994
1.7060384449239991
1.6939957710999995
1.6805568251259995
1.6701202750189996
1.6579275412919998
1.645527176485
1.6326785765329996
1.6197885872729993
1.6070236410419996
1.5941948660979994
1.5823541448459995
1.5701108301719997
1.5584205668629996
1.545855822114
1.5314343772669996
1.5175688654519999
1.5058084959269997
1.4945914718289997
1.4829530102289996
1.4717062146799997
1.4594494920179995
1.4469340142799993
1.4334533205209996
1.4212617852189993
1.4091025732919993
1.396680608009999
1.3847725383919989
1.3722356382009995
1.358354597555
1.3443568996799997
1.3313482546039999
1.3166866385259997
1.3042466552529997
1.2898955715069997
1.2783459158019996
1.2665032774659997
1.2537931067739998
1.242482399379
1.2304844891829998
1.2190619720079998
1.2062146516819996
1.1926472377079997
1.179906109412
1.1670323802709999
1.1525108304279996
1.1384746745229999
1.1259114954049998
1.1133365032509999
1.10067677367
1.0887406178709997
1.07492023292
1.0614726758059996
1.0486850888159995
1.0337556558969998
1.0198635717979996
1.0072823303379996
0.9932854529089996
0.9783097342379997
0.9652335623479998
0.9525906653369995
0.9404342042169995
0.9274151338849997
0.9157763723039996
0.9043297900679997
0.8927060145689996
0.8803361151749997
0.8661962293159998
0.8519448808269997
0.8378804006909998
0.8246583086439998
0.8125973288109998
0.7958027012119998
0.7829679016839999
0.7701835522319999
0.758446064173
0.746209840103
0.733236534807
0.7208422043540001
0.70734871199
0.693065284491
0.6781056558610001
0.6656128263420001
0.651977540194
0.6399621098840002
0.6276013033860002
0.614372579982
0.6018679310060001
0.587943206699
0.574978160392
0.562010035922
0.55007827002
0.5377976331270001
0.5231344929130001
0.509820671198
0.49401512017200017
0.48021378651800006
0.4662376254220001
0.4517158130160002
0.4394783524050002
0.4278842001780002
0.4159301877320002
0.4049637781400002
0.39205293337900016
0.37893277422200017
0.3644739614120002
0.35165172207500023
0.3365083289560002
0.31919538560800026
0.3051951883820002
0.29145698937900016
0.27607667970200017
0.25930810435000023
0.2468104659310002
0.23347102785100027
0.21973259661200018
0.2072870383130002
0.19172385728200014
0.17598363665600017
0.1620186426900002
0.14806403552100011
0.13615761213300015
