2.9999999999999996
2.9914393839189994
2.9826246378819996
2.97330239063
2.9641822041699992
2.954884797639999
2.9462821325159996
2.9371732005039988
2.9273842321379995
2.917024914075999
2.906397311163999
2.896293637076999
2.885525736909998
2.8745856420139986
2.8644141480839975
2.854135268778998
2.8427711349099978
2.8323890225189983
2.821380621553998
2.8094512892509984
2.798038523503999
2.786207916930999
2.774387187672998
2.7635672934639977
2.7522986472809983
2.7410610696679982
2.7294410762999988
2.716985877390998
2.706566170196998
2.693532962582998
2.6818817062249978
2.6697710783429978
2.6582526914579985
2.6469652829869985
2.635313645382999
2.621839312478998
2.609269151412998
2.595755864727998
2.582966278300998
2.572015280900998
2.559219500630998
2.546814553346998
2.533603820597998
2.5212358010049987
2.5079562948489986
2.4968674346949986
2.4845124398639977
2.4719341206049985
2.4594001060749986
2.4472091629309984
2.434861575264999
2.423363957113999
2.410919833384999
2.398086679761999
2.3841690318819992
2.371332184662999
2.357965889966999
2.345388276533999
2.333269314202999
2.3208371100549994
2.3088443469309996
2.2953054540439997
2.2830415631819996
2.2694952161359994
2.2563286778609997
2.2429841793569993
2.229904355329999
2.2171442422809995
2.203246481640999
2.1904987024489984
2.177724556826999
2.166102920702999
2.154945377429999
2.143374646404999
2.1307183453629985
2.1177565256039994
2.105454642750999
2.0914420187349996
2.0797970467979994
2.067410192796999
2.054554638199999
2.042543090098999
2.0285447786589996
2.015704748553999
2.003055884897999
1.990367810776999
1.977409483812999
1.9646810642069987
1.952297210416999
1.9398712146909993
1.9273761857609994
1.9150432277359997
1.9032168215319996
1.8896814628849994
1.876731120080999
1.8634243588049995
1.8512560785219994
1.8391627221719995
1.8245071852369992
1.8123258786389993
1.7995265907979994
1.7858334718639992
1.773110816144999
1.760790057121999
1.7478682711139992
1.7353996652899992
1.7219800729009993
1.709528347533999
1.6963714386529989
1.6840876164619991
1.6714777325499988
1.659117485311999
1.647229097110999
1.6344933994809991
1.621326070773999
1.610168023956999
1.5984989480599991
1.5871187051349995
1.574556719475999
1.5616470274179994
1.5485743649059995
1.5362357197259997
1.5246041704639994
1.5122911513679995
1.4999062663279994
1.4871668955439992
1.4760510156619993
1.4641773475929996
1.451382418293
1.4367033835729999
1.4237611869369997
1.4109525461069996
1.3979986023089999
1.3868825393999997
1.3748783605409995
1.3631114422339994
1.3509020426999996
1.338048766186
1.3255448208169998
1.313265404923
1.2996918457529996
1.2861533055569998
1.273910231117
1.2605749935119996
1.246237017169
1.2317830557019998
1.217168543636
1.2018093399369996
1.1882543705710003
1.1747861723409998
1.163578905473
1.151535683689
1.13978591992
1.1263239631420001
1.1147919941929998
1.1024264990780002
1.0895820948090003
1.076980223426
1.0642336002919999
1.051659945795
1.039337225342
1.026615187713
1.0123760123940002
1.00221534359
0.9902861585250002
0.9750091613690002
0.9631060993950002
0.9486845475420002
0.9366614429350001
0.9238850014950002
0.909475967166
0.8981110337470002
0.8848248606050001
0.8736674589810002
0.8623353930920001
0.8485174123830002
0.835260139153
0.8220654943210002
0.8097422476780003
0.7979671559020004
0.784953993717
0.7710584167180004
0.7586865058480002
0.7451599066350001
0.7327886745370003
0.7220212586840004
0.7110518010070005
0.6972035992360003
0.6847045184600005
0.6706585955000004
0.6559455202370004
0.6418341597150002
0.6278874735700003
0.6146889111310003
0.6019125430950003
0.5881856060800004
0.5747910223470003
0.5607674789180004
0.5458620691640003
0.5345102403780003
0.5196530387320003
0.5059313902190004
0.4911642270250003
0.4781081775430003
0.4657151471470002
0.45209376802400014
0.4396102610870002
0.4255418670550002
0.4103303917660002
0.39599443955200025
0.3822413939730002
0.3704245160900002
0.3523622292060003
0.33912490248300015
0.32423862956000016
0.3068731509470002
0.2961629645740002
0.2849335368590002
0.26870326426800023
0.2550685458160002
0.2392731240550002
0.22956451632000022
0.21713988960700015
0.2017823938750002
0.18924982840900018
0.17383524767600017
0.16189287313000023
0.1489642726720002
