2.9999999999999996
2.9915780154949996
2.9826981291079995
2.9735943613119997
2.9644811750699995
2.9549947479269996
2.9456229024389997
2.9358207205299998
2.9269849676059994
2.916626517422999
2.9060885082339993
2.895574262277999
2.884939143314
2.8741804177639994
2.864308720956
2.8541508591089997
2.842970081284999
2.8318894581209992
2.8219628800209993
2.8105635814129997
2.7990436121239997
2.787160162447999
2.7753889059019996
2.7646193277909985
2.7536591895949982
2.742594201950999
2.730660182932999
2.7192515971799986
2.7080112054129986
2.6947568355979987
2.6825676988609994
2.6712016173989994
2.659201309783
2.6462179483349995
2.634149197723
2.621686603647
2.609839239265999
2.5969743614549996
2.584767130748
2.5717799006599993
2.5581265807039997
2.545399999902
2.533276799771999
2.5198279691449996
2.5070921135939996
2.4942762324749994
2.4819748885259996
2.4699895103989995
2.458468627452999
2.446591988536999
2.4348054326989996
2.421750998983999
2.409806424018999
2.3962463227959994
2.3835557506449994
2.3714524893589997
2.3595139681469997
2.3470062577679993
2.335958145437999
2.3232392651089993
2.310806864418999
2.2990228358549993
2.285444142454999
2.272836530700999
2.261508641746999
2.2483965027729997
2.2368834526729997
2.2233111902369997
2.2102604102989996
2.1971161883229997
2.1844969225819995
2.170878567518
2.1575998125839995
2.1448104595829998
2.132333119953
2.1200924483829997
2.1082172372569996
2.0958613955199996
2.0832556647179996
2.0701787790679993
2.0578498830999994
2.0439162537719997
2.030419241661999
2.017761753000999
2.0060737841179987
1.9944340446509994
1.981932825092999
1.9687971179269994
1.9551129623549997
1.9432386447069991
1.9318555544149993
1.9183698259459994
1.9047328496749991
1.892273544789999
1.8785414542209993
1.866431468259999
1.8539607105699991
1.8412784339079986
1.828688353021999
1.8154650867979991
1.8043665101989992
1.7908050548749985
1.7788326873349987
1.7647459066339986
1.7524340567939982
1.7407830433729983
1.7284731765589982
1.7162318986459983
1.7044988468499982
1.6908293651539983
1.6778470282209985
1.6659731447669988
1.6527016422229988
1.639737169074999
1.6272613898939987
1.6170930498219989
1.6046857334709985
1.590930066460999
1.5789136316619987
1.566793308699999
1.553961240424999
1.540429328500999
1.527783410863999
1.5133521453189986
1.5008550881439988
1.4893809681899985
1.4761901777099986
1.4640118116639986
1.4526723738459986
1.4403168947479987
1.4273566366719985
1.4139632677109983
1.4014177272549988
1.3904340354689988
1.3780111484759994
1.365171657687999
1.3525588519689995
1.3389903676849995
1.3266778975769995
1.3135775162699996
1.3009014559809993
1.2881772651799994
1.2749566720859993
1.2630048629119992
1.2493349120839992
1.237529235089999
1.2245651262609987
1.2114491526649989
1.1988809718049989
1.1854370708889987
1.1714826866869987
1.1575314110619987
1.144770857063999
1.1317856959919987
1.119177132746999
1.107736654063999
1.096547112033999
1.0846697354279988
1.0726042665499989
1.060955600716999
1.048644908094999
1.0360050528899991
1.0230670005929992
1.010830425711999
0.996187741848999
0.981695313346999
0.9704906086689989
0.958083807233999
0.9465185640959989
0.9338970644779989
0.9210546786939987
0.9095786849419988
0.8970304550879987
0.8841877578419989
0.869636362368999
0.858085667250999
0.8468932195349991
0.833584510374999
0.819284453568999
0.8080423945409989
0.7943243924229989
0.7801241406199991
0.765230808035999
0.753394765885999
0.7384020938309989
0.725209884277999
0.7102998681959988
0.698235509773999
0.686336579674999
0.6754525325409989
0.6644772756569989
0.6541183843139989
0.6406846409309989
0.6273642165519987
0.6120554565099988
0.5981131012129988
0.5863923310939988
0.5727064011459989
0.5615599401199988
0.5496176618519989
0.5362856787929989
0.5230176184409989
0.5097980120509988
0.4970581237859988
0.48380312976999884
0.46831530236799884
0.4548233840979989
0.44052506593499885
0.4277434513669989
0.41401858770899885
0.3986228839209989
0.3844724978169989
0.36993338002399895
0.35650082997699895
0.3443364394779989
0.3334819261569989
0.32035743287399887
0.3073224528679988
0.29273475447999886
0.27699030434799893
0.2625369266969989
0.24596018087899887
0.22942228897599892
0.21381946996799892
0.19606922876699898
0.181088850732999
0.16668689879499896
0.15558867769399892
0.14075374786799896
