2.9999999999999996
2.9913906883549997
2.9824664185140004
2.9730835659839996
2.9640104823070006
2.95470295364
2.94537806784
2.9363844428690005
2.926840718058
2.916601777668
2.906117455311
2.8958235186250003
2.884515920541
2.8734877130409995
2.864409978909
2.854375170285
2.843170194285
2.8316626242799994
2.8215839069459996
2.810704184941999
2.7992571395679997
2.7875619025559986
2.7758865478399986
2.765238357464999
2.7530163587249987
2.741953301084999
2.730581240155998
2.7188247962129983
2.7064390932869977
2.6935210490909975
2.6819599484789975
2.6694160711479973
2.6566539681709984
2.6441747608279984
2.634014526679998
2.6228049448879975
2.6112682282009976
2.5989373103269977
2.5869955483299982
2.575326101067998
2.5617733218339973
2.5497737046419977
2.538526248050998
2.5256501926419976
2.5140265651739977
2.5015375279109975
2.4896038848219977
2.4764629702399974
2.4632935937939973
2.451034603180996
2.437510529662996
2.425001739759997
2.4136792384099968
2.4022374478619968
2.389131087104997
2.3752706338779968
2.361688857163997
2.3497227376829968
2.3359536510389964
2.3237239959639973
2.3104557005379966
2.2978031377709964
2.2854781311359966
2.271255185526997
2.2584173412789963
2.2449739786949974
2.2330436618699974
2.221016805003997
2.208640559400997
2.196467279879997
2.184723298607997
2.1737663027789966
2.162193160576997
2.149587340609997
2.137171111705997
2.1249891798839973
2.112276448116997
2.100916962997997
2.087231400455997
2.0739778652399967
2.0614616980069966
2.048436510636997
2.037416507398997
2.0252625465379963
2.0116288851739967
1.999198294994997
1.986666535956997
1.9737545346079968
1.9620403008679965
1.9488301152029968
1.936718657058997
1.924162172942997
1.9110106307189971
1.897780113351997
1.883668299754997
1.8720224266769967
1.8597214967069966
1.847374719067997
1.8352276173229967
1.8229149350249967
1.8097356428969964
1.7963148026509967
1.783766153987997
1.769068796743997
1.755417823381997
1.7434467268319969
1.7308029973219967
1.718767948180997
1.7069391986639972
1.695409260911997
1.6838014003179969
1.6727401580489971
1.660029112033997
1.6481206243659972
1.6351715994659972
1.622680674880997
1.6104589016989967
1.597593314028997
1.584434167242997
1.5709188251089967
1.5582352512309967
1.5462705005509971
1.534368977998997
1.5230782885109975
1.5103308614259976
1.4968364890969974
1.4832669795969977
1.4701819254989974
1.4573322346789972
1.4454085422769973
1.4329976640339968
1.4185812011789969
1.406748451008997
1.3937717535059968
1.381186121196997
1.3667275411719975
1.3511855621059976
1.3372110777959978
1.3245231814909975
1.3113760911699976
1.2980782380129976
1.286652788929998
1.2738036678029983
1.2610162560419977
1.2496379174289978
1.2370068203079976
1.224420722100997
1.2114227936529973
1.1993679554289973
1.1868204571269971
1.1742993957029972
1.1605787659309972
1.148325001021997
1.1365811392079972
1.1240546041529973
1.1103539814999972
1.0984057988629972
1.085470622949997
1.0724508504249972
1.0603438333669972
1.047690053992997
1.0354505723099972
1.0230650961029968
1.0098846381839968
0.9969387609939967
0.9842321316389967
0.9716893759569967
0.9602252352919968
0.9490352570319968
0.9364500171989968
0.9225449263399967
0.9090874143319967
0.8951120250689968
0.8825145301559969
0.8700526990549969
0.8582639743379967
0.8451033314759968
0.8319588658839967
0.8202304044569968
0.8069429594559969
0.794278206605997
0.7796374086599969
0.7665345393699968
0.752957216329997
0.741535950163997
0.7283203585139968
0.7171239952149968
0.7055255610349968
0.6919554087929969
0.6797796393599969
0.666447294259997
0.652520387981997
0.6384175939109971
0.6246809909949972
0.6081090483559968
0.5947802123399969
0.5834147218019969
0.5708434267959969
0.558016329141997
0.544982797055997
0.532530050687997
0.5170869520919971
0.5025090927549971
0.487023648193997
0.472976554838997
0.4598517296659969
0.44767768807599706
0.435478407318997
0.4227578566909969
0.40740107225199695
0.394487149533997
0.3794309509299969
0.36395485897599694
0.34885592222899703
0.3344567881089969
0.3205336918489969
0.30561556497499687
0.28793781096099685
0.27417892764999674
0.2620294308739968
0.2465470839749968
0.2337473130899968
0.21942705011099675
0.2038580008079968
0.1913583175649968
0.17916124956499685
0.1653713987689968
0.14740735479599681
0.13423372118699678
