2.9999999999999996
2.980380985133
2.968297274253001
2.9578449782650007
2.9421199080199996
2.9308999724010003
2.918571396379
2.9060617384039995
2.8917965355679995
2.876216462946
2.864015703241
2.8515656625459993
2.8396040740710005
2.8285909158709996
2.8170228332860003
2.8062853426050003
2.7953922130860005
2.782204355686001
2.768311752162
2.756951692825001
2.743553731345001
2.732145474873001
2.7201819607270004
2.705964227603001
2.6938776583620005
2.6827258393890006
2.670062570034001
2.658401119575001
2.6473583023540015
2.634710644854001
2.6217219852380014
2.606713544467001
2.591138318828002
2.5774077072820014
2.5644881199280016
2.5504473907200014
2.5384188629710014
2.5265507092370014
2.512989436602002
2.5011738113870017
2.4904036099720015
2.478135533525002
2.464169654759002
2.4500889130030017
2.435150632340002
2.4230772820150017
2.410390077824002
2.397925977637002
2.384639650945002
2.3739375198640023
2.363510982131002
2.350481303266002
2.3395913431230024
2.326936839516002
2.314415758264002
2.300197449740002
2.283835934743002
2.2712042409860023
2.259512918110002
2.2470873426210023
2.2345981357390023
2.2210768565240024
2.2085267334720027
2.196867441979003
2.186462308601002
2.174306826769002
2.1621435032250025
2.1476111243420024
2.1338587383470022
2.1176238661550024
2.105342408584003
2.093502173632003
2.080628845375003
2.0659651808120025
2.053320184633003
2.0423736091920026
2.0312202890980027
2.0185470763230025
2.003563186254002
1.9889336309180023
1.9725157466850023
1.959120894578002
1.946124091502002
1.933384323221002
1.918801700237002
1.9063011229510023
1.8930233822870022
1.882277361062002
1.8690499172660022
1.853804870021002
1.8381664760200016
1.8203729020030015
1.8077187585700019
1.7959882153710014
1.7837955133350016
1.7700391291870015
1.7570027959440013
1.7461591949560016
1.7336490058510017
1.7213691147230015
1.7073058299570014
1.6948128313690016
1.6806334390140014
1.6654400322180014
1.6540192122530015
1.6409508996770015
1.6289069260800015
1.6181644885140016
1.603821819557002
1.5911461736750017
1.5788028570600017
1.5660686568340016
1.5556953012710018
1.5414258225440016
1.5281353797520016
1.5121791524590016
1.4991596755600018
1.487057037997002
1.4745158503860016
1.4602963471110018
1.4484249522910022
1.4355580264880021
1.422554568998002
1.4105133051950018
1.3952938204320018
1.3806894316920022
1.3641105532250024
1.3504852032860022
1.339691768718002
1.3273127816820025
1.3148889405590023
1.3007719328200018
1.2872132806160022
1.2761363710960023
1.2625098693590022
1.2482900195150022
1.236246828548002
1.2246152877090022
1.207910235502002
1.1952801480820021
1.1838617396200017
1.1723215643720017
1.1588865705410019
1.1441058050010018
1.1314615059240019
1.1197087584120018
1.1087521829370017
1.0956290911630018
1.0792943971160018
1.0665126302550016
1.050240846655002
1.0368851882310017
1.023549599031002
1.0098549540190018
0.9967802451990019
0.9821129977520018
0.9697496847410019
0.9567235427240018
0.9454091349600018
0.9305008002090019
0.917045195019002
0.8988399247650019
0.8864278569090017
0.8704484910400018
0.8571309868160017
0.8450758388620019
0.8323676413120018
0.8189522099770018
0.8060939945530019
0.793822697381002
0.7763608252070017
0.762824441183002
0.7439407026100018
0.7282077385230018
0.7136824746340019
0.7011587009270018
0.6906856453680018
0.678131844751002
0.6647758656490019
0.651688325802002
0.637573573558002
0.623710440372002
0.6083258377450018
0.5899302226270019
0.5776206947000019
0.5619952361970019
0.5480396961440018
0.5348876743900018
0.5221963327060019
0.5093242799180019
0.49765732312100186
0.4826862105470019
0.47069763743100196
0.45729848109700194
0.4409835007600019
0.42792916102200196
0.405993625348002
0.390772197950002
0.3766860057870021
0.3636743850890021
0.3513501731410021
0.3385460171250021
0.32074274498100197
0.30670058231800207
0.29301239835200216
0.2781185933850021
0.2610216998290022
0.24639916111400215
0.23301530619300215
0.21589115625900213
0.20133484284200218
0.18720669483700214
0.17620709616500219
0.16115196515300212
0.14692267142300217
0.1325588302760022
0.11302898716700219
0.09391260239800217
