2.9999999999999996
2.9800927810529987
2.9682610663779996
2.9529040801929995
2.9421053883759996
2.9298519605369995
2.9171377138190002
2.9053112193869994
2.891589648307
2.8756814478579993
2.863233850771999
2.850781222253
2.838775785860999
2.827924859311999
2.816440956761
2.805575357770999
2.795364913178999
2.781495939100999
2.7696221588109986
2.7581183679389984
2.7447554954039988
2.732373379356999
2.717335464307999
2.7034942284769987
2.6908547039219988
2.6783130660769987
2.667494359818999
2.655560285674999
2.6444696431489985
2.6319132164879986
2.619086694194999
2.6039564624909994
2.5910423959179996
2.576105935391999
2.5636190631649995
2.5494636302819997
2.536644392186
2.5244597620410008
2.5120650842059997
2.5008510929320003
2.490844039339
2.4776067918720006
2.465516347256
2.450508072142
2.4379087848790006
2.421640130368
2.407321344644
2.394507289811
2.382767462129
2.370468410417
2.357872406847
2.3463569678570004
2.3355153049609996
2.322686747021
2.3104725894480005
2.296235868258
2.283687048878
2.2677275524799994
2.253671327239
2.2408656092340005
2.228350123403
2.2161286755350003
2.2034015874270003
2.191029262297
2.1779502595620004
2.165686476736
2.154831361356
2.1403991191230003
2.1249754159550003
2.110464961308
2.097602096733
2.084879590862
2.070953783558
2.060412689994
2.048100667206
2.03474766617
2.0213785403610003
2.0089279388350003
1.9930185203480002
1.9776528957210002
1.9638971522960005
1.9502419979390004
1.9377372350190005
1.9249653091870003
1.914210120049
1.9034257434580002
1.891181856056
1.880088830343
1.867530629385
1.8557748920140003
1.8435789386250003
1.8288356067370006
1.815370392033
1.799660780824
1.784794834585
1.7717444554389998
1.758839052921
1.7471188774480002
1.734605341892
1.7241537008019998
1.713759142375
1.701893914621
1.6870798140179997
1.6750863571349999
1.6593240551949997
1.6457261388140003
1.6312332406660002
1.618574527787
1.605802364806
1.5928335723179998
1.580861622902
1.5674952660949997
1.5532251461189999
1.5414410651620003
1.523442869664
1.5093343484580002
1.4950234570510004
1.48120671041
1.468508731497
1.4552065716530003
1.4429850795050003
1.430352183123
1.4193042320790006
1.4063757311000007
1.3905463360120005
1.3763068750500005
1.3566486238560007
1.339392755007001
1.3279461999410012
1.315370380586001
1.3026866107530013
1.2910183122780015
1.2784789343900016
1.2664804344950018
1.2554178549520016
1.2413794600370016
1.2292753181380014
1.2143228245090014
1.1974989278430013
1.1824641392810016
1.1698828240940014
1.1566138804780013
1.1438689823980013
1.1314081750660012
1.1184310794850014
1.1056146147670014
1.0906673071460016
1.0766152706390018
1.0651238449020015
1.0473444858090013
1.0333915906030013
1.0211421600160013
1.0059100608440013
0.9929404074540014
0.9801338096760014
0.9674693865350014
0.9549598314660013
0.9414309732360013
0.9257056361780013
0.9092221293990014
0.8914174588740013
0.878036997327001
0.861601720565001
0.8474031966030011
0.8336803958850009
0.8228206080690008
0.810264871087001
0.7970796899520008
0.7833530235900008
0.7689384872310008
0.7565226720790008
0.7395337142900008
0.7247081264300007
0.7121495779090006
0.6950656354680006
0.6818320018450006
0.6684425209480007
0.6563915726610007
0.6443508709750009
0.6321222608790008
0.6193897001940006
0.6047866402290007
0.5871511581920008
0.5709545769780007
0.5579048236640006
0.5420745648200007
0.5291753659880007
0.5164513967690008
0.5048240892510008
0.4921908949530007
0.47980813981600073
0.4673979735110008
0.4535226681950008
0.4365556489490008
0.42111625651500073
0.40594126017000076
0.3911401580020007
0.37424714270700066
0.36166401313300056
0.3480686205590007
0.3344346053680005
0.3220523888010005
0.30784806130600056
0.29317487585600055
0.2754932258970004
0.25603880602000045
0.24219436022300045
0.22635623093000043
0.2120672254610004
0.1997485264560004
0.1846499616330004
0.1705575654430004
0.15538813739100046
0.1405109904860004
0.12310985894100043
0.10130950606900045
0.08605761885500045
