2.9999999999999996
2.979965482437999
2.9679531695399994
2.952472350552999
2.942339802500999
2.9258180196989994
2.9133180627939987
2.901302787185998
2.8887404994699986
2.871903512317998
2.859278255539998
2.8469367434429977
2.835748268298998
2.823530761424997
2.812185780170997
2.801669195213997
2.785583411134997
2.7735920903329974
2.759464608358997
2.7471704719379972
2.730781874632997
2.7195767259349966
2.7054721513079962
2.6931545139609963
2.6792818408599963
2.6685825013179967
2.655736090577996
2.6404908976429957
2.6289335509589953
2.6168415122439956
2.604457909836996
2.5896282634839958
2.5745451451089956
2.560007389568996
2.549332877980995
2.537520695242995
2.5252836927469953
2.512800488955995
2.5010378826769952
2.4893558621209952
2.478647012086995
2.466822697939995
2.454760482966995
2.439613859084995
2.4265906913359956
2.4113010441719953
2.3972762613859957
2.385156693355996
2.374275157674995
2.3618676823829956
2.349924517794996
2.3374719311939955
2.3223186053229954
2.3098888231759958
2.2956010723399953
2.2827166733369952
2.266632284223996
2.2529185937759957
2.240715056663996
2.2284470336319955
2.2181542878539955
2.2076961545609954
2.1953598789469955
2.1832056729989957
2.171100867488996
2.1574255610509954
2.1456470609999956
2.1297817303389954
2.1181192327079956
2.1016047366849957
2.087928455667995
2.0752682931329955
2.0629274593009956
2.051614988808996
2.0413022847359956
2.0287105935959957
2.0146322394269953
2.0020415875849955
1.9870075273959953
1.9746803044199952
1.9585208492709956
1.9439660602129953
1.9318325485239953
1.9191096691489955
1.9071653453719954
1.8959663325079958
1.8826306395199954
1.8666500730109954
1.8538108215549953
1.8381291521699952
1.8264010298139954
1.8107254644369954
1.796027399862995
1.7824583679259953
1.7687246810529953
1.7563117854429953
1.7453453075159953
1.7328765551019956
1.719913231130995
1.7040420760579953
1.6911767339889952
1.677556097096995
1.6605897335409951
1.6491913515849947
1.6346923399879953
1.6212840874119954
1.608593001229995
1.5977380432299952
1.5846299448499952
1.5702937575829954
1.5584843397719956
1.546162886593995
1.5301081843359952
1.5174292598609953
1.5019886216249954
1.4876632315879954
1.4753415136279957
1.4624163078859955
1.4501654972969957
1.4378191502559954
1.4269217370339955
1.4127764733659953
1.3995210162989953
1.386642957594995
1.3729052413679952
1.3606660862969953
1.3448362494869952
1.331019765564995
1.3176245062769951
1.304770285599995
1.2923381529779951
1.2813983010699952
1.2651425391229953
1.2522768031279956
1.2355996660849953
1.2226549834649953
1.2100481155499951
1.1943822263849955
1.1830388629009954
1.1721111321639954
1.1601759084999952
1.1466142950669953
1.1334865876839952
1.1206688115419952
1.1103024470719953
1.0953245844819952
1.0824714813489953
1.0681402163089952
1.0508503532009956
1.0389395140749953
1.0262850812739954
1.0137467415139956
0.9996177523999953
0.9862284410069954
0.9741577799069953
0.9605670796139955
0.9482587083699953
0.9336251220849953
0.9196558490119954
0.9043327433889954
0.8876884847889955
0.8743544825839957
0.8624073652569957
0.8502366495199956
0.8361250249459958
0.8241813710789956
0.8112057821689956
0.7979902609409957
0.7848416889959957
0.7712244180819957
0.7550876436249958
0.7407059081419959
0.7238518515769958
0.7096093085509958
0.6983049863339957
0.6870759351879959
0.6744036241359959
0.6605761585909959
0.646632408534996
0.633029395765996
0.6189671204039958
0.6026602839859959
0.588284900719996
0.5713572326489957
0.5579119949559959
0.5458994918829958
0.5342331964799959
0.5204417406999959
0.5043808394329959
0.4884990281359959
0.4732914971479959
0.459665467682996
0.443505726709996
0.42737455451499595
0.41183663496499606
0.39327543225799616
0.37891067907099607
0.36563411064399604
0.35410482053899617
0.3408665219279961
0.32739394812499606
0.3146963563049961
0.30075977676599613
0.2846403489959961
0.27008587320499605
0.2523641009509961
0.23383565453599608
0.2196855301269961
0.20800244545999608
0.1945831413819961
0.18064905705699608
0.16650780539099613
0.15223424188899612
0.13789628761599612
0.12247129487999614
0.10687143082399614
0.08946729595199611
