2.9999999999999996
2.980498502323999
2.971427684308
2.9613106169399996
2.9506908432260004
2.934178101219
2.922362329062
2.9095123837850005
2.89801691306
2.881476929157001
2.865835795015
2.8535718271330004
2.841280346714001
2.8294137076000014
2.818581342394002
2.8070539815100015
2.796010997048002
2.7837092939440016
2.7714762078180013
2.7597722154250013
2.7456725433330016
2.7305972903440017
2.7143840121120015
2.701726006591002
2.6888480943580015
2.6768284187840017
2.6657828081600017
2.6533851139390014
2.642245929597001
2.6287583174120015
2.6160133257240012
2.6031428523650018
2.588363363280002
2.573122666805002
2.5577272880270012
2.5448408741600015
2.5331140670380017
2.5207380210080013
2.5084392245120015
2.4982293054270013
2.4866028662870017
2.4744052679350017
2.461356006348001
2.450073850450001
2.438207475771001
2.424454037697001
2.408776574833001
2.3933189569990017
2.380706522540001
2.3695402314040015
2.3575445429090016
2.3464749254070014
2.3339793171680014
2.3202319941920013
2.3070415079830013
2.2941580483430015
2.2801351141320017
2.2681010360230016
2.252060883882002
2.238184810230002
2.2253532375400016
2.2136827790540017
2.2023261963160015
2.191430264742002
2.1780271255880015
2.164703414558001
2.152351145448001
2.1384828158520017
2.1258082606490016
2.1107285631860013
2.096016114113002
2.0832914819790016
2.070840386173002
2.059341207406002
2.0492679612850018
2.038788435210002
2.026897831184002
2.013335283593002
2.001270859915002
1.9868881058580021
1.974256836045002
1.9622635249280018
1.9460852984200014
1.9319095505850017
1.9199004505710016
1.9071786472910015
1.8963767127950013
1.885506135883001
1.8745772521330013
1.8616203458770009
1.848556150631001
1.834391269123001
1.8220047507860009
1.8057828105190012
1.7915841911040014
1.7794385746080013
1.7679644163390011
1.7554837021640015
1.7436709501650016
1.7326284966560017
1.7200911481330017
1.7059188233770017
1.6915339614020017
1.6763874806290022
1.6637355876450015
1.646759581911002
1.6343880640310016
1.6218559808270017
1.6076451614290015
1.5959751803480016
1.5832871545710014
1.5714382703590017
1.5600031282660016
1.5491741171960016
1.5358227623620015
1.522401270628002
1.5106455126200016
1.4955975121610012
1.4781330968120017
1.4657626558620016
1.4535142958190015
1.4415058169970019
1.428942877655002
1.4157748282200018
1.404258697659002
1.3899858803770015
1.3755754593370018
1.3625515591400015
1.3516224534430012
1.3370460124150014
1.3225832112820017
1.3091990423280015
1.2964435609850014
1.2849516166980013
1.2734614370900017
1.2612619620210017
1.2503926053290018
1.2364788858030018
1.2210592516310015
1.2050674320210015
1.1920555030300013
1.1807938695700015
1.1686273643970015
1.1564651294060018
1.1410143387590015
1.1283616990240017
1.1149184796890022
1.102411489119002
1.091813995427002
1.077432070727002
1.062598704588002
1.0469106918760018
1.0333214374760018
1.019912509493002
1.0048655585730022
0.9919729463220018
0.9791775726300022
0.9661579213930019
0.9550227752910019
0.9411514820150019
0.9301327564460017
0.9154589783820019
0.8997142997760017
0.8859149034250018
0.8720008210410015
0.8575620609780016
0.8448047320520018
0.8321216933370017
0.8192738714420018
0.8086355139330017
0.795769211634002
0.7835200871840019
0.7722575979070019
0.7606687742960019
0.7456013791110019
0.7319755794270018
0.7187071354740017
0.7055310021550019
0.691922383749002
0.6800088454030018
0.6666659906190019
0.6534916844970018
0.6402329497490018
0.627139091503002
0.6138571438450021
0.5978569883840019
0.5843118294300019
0.568599082410002
0.555044613120002
0.536948455358002
0.5249035828150019
0.5117657425400021
0.49740591411100193
0.4843972737000019
0.47337668637500196
0.460783125887002
0.44490843870500196
0.430478737354002
0.41463199710700205
0.40035975932500195
0.385249679241002
0.369545646011002
0.35567834573700197
0.34219444110800196
0.32871900719600206
0.315353693621002
0.301713800281002
0.283491464333002
0.267874629238002
0.252781898091002
0.238838492455002
0.22637970645400204
0.208784819697002
0.19432383140000198
0.181246544905002
0.16692048476300203
0.15452467360300198
0.142178383176002
0.127558990453002
0.110389212910002
0.096849576547002
