2.9999999999999996
2.979998039156
2.968191298243
2.952577288008
2.9418660128019996
2.925812878167
2.9136826535049996
2.9016661639059995
2.8889579518399993
2.8721245735509995
2.859434050660999
2.8468378553350004
2.8356796195839995
2.823413514925
2.810670487084999
2.8003386765739995
2.7873333624159997
2.7731547492999993
2.76017728963
2.747827749860999
2.7313971658050002
2.719980850571001
2.706163454531
2.6943096867120007
2.6808298426530004
2.669914089373001
2.6581148694920005
2.647198936529
2.6335614109580003
2.619903456822
2.607382946688
2.5958187904149996
2.5830188179189992
2.566924329238
2.553634992314999
2.540316072040999
2.527063844366999
2.5161681682179995
2.5035798932829993
2.4917330765319985
2.4786329437589987
2.4659746540719985
2.453759492590999
2.4397742320109987
2.4275778045309986
2.415274453072999
2.3997629814869987
2.3867851203819987
2.3754088593349985
2.362311372714998
2.3491016519639984
2.3380910338809984
2.324452735237998
2.311107105416998
2.298184190459998
2.285537556546998
2.273364754602998
2.256257882517998
2.2431366679059983
2.230353257781998
2.219485639251998
2.2075775114149985
2.1958242379679977
2.183514872379998
2.1725931159569982
2.158867330279998
2.146224901056998
2.1339281225709983
2.1213416087649977
2.109207843006998
2.0934531331859976
2.079477489587998
2.068623580259998
2.057977034714998
2.0446880179119984
2.033874389156998
2.021869155019998
2.008092323552998
1.9960072102999984
1.9831451659309987
1.9713362704649986
1.9592535746929989
1.9452526625499986
1.9321981615979988
1.919208018919999
1.9066464812649988
1.8947310643019986
1.884814941771999
1.874693743079999
1.8616006063889992
1.846918355137999
1.8354813984509994
1.8232105355749995
1.8115197518559993
1.7949373650059994
1.7805837378649993
1.7682785122739995
1.7552233752009994
1.7425556476369992
1.7316204742029995
1.7164735371029993
1.7015719661489994
1.6892609414469992
1.6763546555049995
1.6628011130929994
1.6460772954609995
1.6321763048269997
1.6192561413109998
1.605605612705
1.5938522672650002
1.5831610766400002
1.5698733499490003
1.557438790145
1.5436951055999997
1.5317780352039998
1.5150153886470001
1.503031401566
1.4862755443549998
1.4721283950539994
1.4585708618409994
1.4452653254899994
1.4322008480729993
1.4203152257309992
1.4058851009319993
1.3928834191669992
1.3805586991069991
1.3647116456399992
1.3530955654369994
1.3384782439569995
1.3242686992989996
1.310956336719999
1.2980549621649993
1.2837011694059994
1.2697089899209995
1.2551474452199993
1.2426383270389993
1.2320057627469994
1.2167315733049997
1.2039807739009996
1.1870229782759993
1.1728057435039996
1.1613601974179995
1.1476709657679998
1.1340919138649996
1.1228698174149998
1.1108618180269998
1.0982021709539997
1.083589137438
1.0714626686509998
1.0561983229239997
1.0427415722889999
1.027483789914
1.008469738756
0.9968509057869998
0.9837032082609998
0.9723093328239998
0.9600773432809998
0.9462962570069999
0.9318444774189998
0.9186607513889998
0.9040200287819999
0.8919158316839998
0.876906925498
0.8632795354669999
0.850353263596
0.8358667327939999
0.8222773379939999
0.8109453755570002
0.799090567466
0.784114076124
0.7710557980299999
0.7577869912230001
0.7444568814710001
0.727697378719
0.7132027682500001
0.7008745499880001
0.6882926455040002
0.6757499944640002
0.6621443200290001
0.6491851202830001
0.6333349792700002
0.619001874068
0.602551346743
0.582806331264
0.5694533812260001
0.5583125274400002
0.5447054050830001
0.5311979492220003
0.5179980583330002
0.5061827596410001
0.49198165384200004
0.47868509495800005
0.46513383893400007
0.449666724168
0.43424695504200006
0.4208384100680001
0.3948000474080001
0.3830758204890001
0.37108546827200006
0.359443670224
0.346224651285
0.33552439396700007
0.322030119655
0.30673109565600004
0.292601678278
0.27542275448200004
0.257399749647
0.23971291211100001
0.22268198176400006
0.20545129575000007
0.18960625126700012
0.17879371145300005
0.1655493342040001
0.14521808750800008
0.12727676800000007
0.10876894312700007
0.09449748107100008
