2.9999999999999996
2.9802071698260004
2.968271443844
2.9527794946320003
2.9422613813000003
2.925071622795
2.9123732934640008
2.9006578186720007
2.8880107857050006
2.8705860002489993
2.8579417461529997
2.845388693401
2.8343015717150006
2.8217076028170007
2.8094221835560007
2.799502805524
2.788240081802001
2.7766820849759997
2.7628734743809997
2.748420147909
2.7340782798099994
2.721260739607999
2.705166658207999
2.6928752089809986
2.6798915700289987
2.6691016794159994
2.6575662547199994
2.646698121859999
2.633857602258998
2.621023751466998
2.6058874733739983
2.5918833325289983
2.577912382612998
2.5651116794369977
2.548100171489998
2.535902401280998
2.523541967564998
2.512359379268998
2.501042635164998
2.489404205835998
2.477926257084998
2.463108706990998
2.4499875380029983
2.4378622235309972
2.423399927920998
2.4057310214569974
2.3942503802239976
2.3809862427389974
2.3700569860959972
2.3584293203819975
2.3475934298719974
2.334793876228997
2.322702586511997
2.308400921432997
2.292761499672997
2.2796325230769967
2.264357941364997
2.2500650274619973
2.2394281002989973
2.227530838255997
2.2152676349549973
2.2024913889359974
2.190439624823997
2.1787076356399973
2.1641054175519976
2.152474648374997
2.1410564125789975
2.1249504993429973
2.1133231898969975
2.0958214084759974
2.081853256150997
2.0703324618139973
2.058486440331997
2.0438639119819975
2.031557740189997
2.0183437193089975
2.0060568024749976
1.993046273967997
1.978786965788997
1.9626375949229966
1.9499042513949967
1.9354643604399964
1.9223877660379962
1.9092853930039964
1.8987272743059964
1.8869948252209963
1.8721258367639964
1.860806989681996
1.8488432452609957
1.8364785978889961
1.8216664443209958
1.8051101878329958
1.793115586271996
1.779056684940996
1.7663146164939958
1.7546344697869958
1.7438577006429958
1.7328612693389962
1.7191708539479964
1.706836359724996
1.6947405742949961
1.681723905383996
1.6676335835229958
1.6527789521839964
1.6420685394369965
1.627904865231996
1.6146102468019958
1.601492193151996
1.5894778858239962
1.5782358429089962
1.5662176739159965
1.5538163368099964
1.539547115132996
1.524793469149996
1.5131034359859954
1.493571392828995
1.4796324200889954
1.4666458961759956
1.4557910041639954
1.4447147548279955
1.4311423107899959
1.4188132175489956
1.4074239982699954
1.3956859616419959
1.3816914879459956
1.3668975761689957
1.3538440948189954
1.339407942083995
1.3257110951749953
1.3129173366809952
1.3000687061089953
1.2875555470709956
1.2762992926909953
1.2654720620249955
1.2550953022819955
1.242904626757995
1.2285245097649955
1.2169639089779951
1.2024931131369956
1.187311474499995
1.1744542525899953
1.1627262084339955
1.1505860151679954
1.1365605447049956
1.1248833723599956
1.1125385073779954
1.0984275030519952
1.0849212602649954
1.0697057852219953
1.0528669805869952
1.0356958332859953
1.0221600498279952
1.0089331161529953
0.9961218286999949
0.984939020497995
0.9698078598179952
0.958919167291995
0.945541704114995
0.929555118280995
0.9157812000119951
0.8994498345579951
0.8834283301239952
0.870505554480995
0.8571937303459951
0.8450014078959951
0.8332386191539953
0.8223854501809954
0.8080796247269953
0.7932727110539953
0.7821233224809953
0.7685534225749953
0.7529409014349951
0.7405093640089953
0.7225688810829949
0.7089064539369949
0.694850712318995
0.6825308314909949
0.671343315016995
0.6561362617999951
0.642979095428995
0.6276867041819948
0.612771593848995
0.597251365923995
0.5813718561709951
0.568352082263995
0.5558502236259948
0.5432357759869949
0.5317965517709948
0.5205997053429948
0.5081534095559949
0.4973395192869948
0.48247294230499493
0.46684743125899486
0.45007959304699485
0.4345825987329948
0.4226449619949948
0.4044893902269948
0.39182747154999475
0.37726217567499476
0.3629286101059948
0.3517691537019948
0.33592378075999474
0.3246979636949947
0.3093246516899948
0.2924596037739947
0.2759491118939947
0.25786699970899474
0.24474949380999475
0.23019212559499475
0.21869631597099473
0.20412420909399476
0.18866746704899476
0.1741204978709948
0.15853458163899475
0.13565884751099477
0.11913971653299475
0.10359867044999477
0.08017673633399476
