2.9999999999999996
2.9798611219209996
2.9681620118999996
2.95253341603
2.942109337797
2.9297733999939983
2.9171622118729985
2.9027774026569997
2.8901648532459983
2.8725161113109983
2.8598337543159973
2.8478229813129983
2.835926647808998
2.825011025943999
2.812449128521998
2.802008460988998
2.790755473605998
2.778030971732998
2.7622367515239983
2.750163980083998
2.7380621766469977
2.7260773837169974
2.7096160226589983
2.695808664314998
2.6832066927179983
2.670211409463999
2.6594533549069985
2.6473722207729984
2.6328979963849983
2.6196163199799987
2.607673743984999
2.595621704827999
2.583130181802
2.568372209994
2.554848179149
2.54215582489
2.5293014968359997
2.518614855658
2.506150433021
2.4945318386879998
2.484511643015
2.4745101519029986
2.460866021417999
2.4465173868819994
2.4342158377979994
2.4219196161839993
2.407286796229999
2.394083841040999
2.381253462971999
2.368833533449999
2.356574167494999
2.3444593401979996
2.3334775730869985
2.317732871522999
2.304228090669999
2.292099327885999
2.2803973352569993
2.2646592921139987
2.250778962316999
2.237979257072998
2.224564623996999
2.212678734422999
2.2021670499979984
2.189238428607999
2.1770054812089987
2.1622462442479993
2.1498072595839983
2.138266855924998
2.1256421546379984
2.1134967147879986
2.0973189468839983
2.0836899759959984
2.0708018515409985
2.0602148684129986
2.0497712925599987
2.037123951198999
2.0246067808429986
2.0107602340919986
1.9967147542199986
1.9841854479219987
1.9719684524279983
1.9559869052829983
1.9424078780829983
1.9300968539099983
1.917569412290998
1.9054708083719987
1.8935439637589988
1.8824338706189985
1.8722992490089987
1.8598056498009985
1.8447275606819984
1.8333751905929985
1.8210730092909986
1.8099318794469985
1.7947429161729989
1.780304952391999
1.7662837273629988
1.7530002618529985
1.7404199362639987
1.7282621985369988
1.7138467050499986
1.7001732580309985
1.6888245110909987
1.6769155762619987
1.6645749636969989
1.6483789622999987
1.6346188099119983
1.6234117342339986
1.6110261013319986
1.5981029641419984
1.5848156598719987
1.5738301457849988
1.5600855382349987
1.5450224608759988
1.5314568552059988
1.5192339589229984
1.5034712578029983
1.4904111359549983
1.4781667430039982
1.465619301589998
1.4527542518519982
1.4391624028599985
1.4280740373269984
1.4141539307779982
1.3995199060789982
1.3863441670009982
1.374418503698998
1.363087573850998
1.3504178423179978
1.336370956300998
1.3208311101789978
1.308583739842998
1.296164873126998
1.2837628777789982
1.2718710271959983
1.259691631843998
1.2484093734379984
1.2340378947099981
1.2189269168439985
1.2063789441869983
1.189821197817998
1.1764682990309985
1.1635125543869984
1.1525265976849983
1.1394758009119985
1.1252600445149983
1.1112407940679985
1.0982148101569984
1.0839528838089982
1.0714930301039984
1.0572448626119986
1.0445251877119988
1.0283652671489987
1.0146283761489987
1.0015408949729987
0.9910787859589986
0.9781013679989987
0.9664417125589986
0.9529136924969988
0.9393340507829987
0.9236580747059985
0.9083316844299987
0.8954293462799985
0.8827993638199986
0.8649529812149983
0.8475655376819984
0.8350077564789984
0.8222785466989982
0.8116302765959984
0.7983429893649984
0.7871773175469983
0.7750225045919983
0.7581572106709984
0.743679352447998
0.730198055884998
0.7136607120429983
0.6989053995489981
0.6862667990489981
0.6730139458689981
0.6619751233689982
0.648001593267998
0.6324160760539981
0.617921022564998
0.6023716115119981
0.5888324693729982
0.5695461827879981
0.5556709686009981
0.5410761831339981
0.528837247798998
0.5163638300809982
0.5027592212219981
0.48860805479699826
0.4769496875149982
0.4621757909659981
0.4471983040069981
0.43166248277899816
0.41709632324899815
0.39868120755299813
0.3866170794119983
0.37272641326399825
0.35989955379499816
0.3465285566329983
0.33461033216499814
0.3189354347499982
0.30630912933499815
0.2919130235049981
0.2776222962689981
0.25939469108099816
0.2383211087239982
0.2220119410659982
0.2087015779359982
0.19577041045499818
0.18111480089599816
0.16379310646599815
0.1478735249539982
0.1340420934879982
0.12027444271099821
0.10469827691999818
0.08621003739399818
