2.9999999999999996
2.9801081163709995
2.968056960961
2.9527612469910003
2.9424561700640006
2.93024320622
2.9174409228050004
2.904399298154
2.8901288375240006
2.8734438737400003
2.8608278847930007
2.8486114681660006
2.837135795430001
2.8252918750210014
2.8136179342460017
2.8028892376950005
2.792925068409001
2.7816356855580002
2.7692929585680006
2.7550626396710007
2.7399993431110006
2.728317483242
2.717105792302
2.7061989983570007
2.6916008276449994
2.680790732386
2.6673589766250005
2.656438971815
2.644396315825
2.630569462329
2.617786382042
2.6037224175359994
2.5914463291619994
2.5767437196219993
2.563108964814999
2.5493764556969993
2.536757562378999
2.5249805442619997
2.5142166806359993
2.501515203485999
2.489467206039
2.475286420577999
2.462604486263
2.4491222749199992
2.4374439294589996
2.421995095949999
2.4079002921289994
2.396939306607
2.38341072198
2.3710209252269996
2.3584804422869996
2.347826659782
2.3356376130919996
2.3211857557470004
2.3079891812969997
2.295046009441
2.2823494684040004
2.266833699901
2.2525553474600004
2.2399457506890004
2.227964972829
2.2157398311420007
2.203322181625
2.189900906439
2.17720856527
2.1631585219410003
2.1513946048509998
2.136709143005
2.124408609204
2.10790775202
2.094405774204
2.083581013291
2.070205022358
2.0591846061380004
2.045924925796
2.032942247421
2.0187541673380003
2.0044512506759995
1.9932278013429996
1.9805993129549992
1.9683217114949991
1.9536336262519993
1.9390160269139993
1.9275434647079994
1.9141372286259992
1.9010918643089996
1.8895017329659995
1.8770249128819996
1.865484144560999
1.8515090370429992
1.8385196729649993
1.8257461193559992
1.8125898375499991
1.7960545102109993
1.781752336048999
1.7687113990249987
1.7577377448459988
1.7465742222149987
1.7339957296949986
1.7220604250419986
1.7079339488499985
1.6944050547479987
1.6822004367299985
1.6701198931579981
1.6551226354179984
1.6405606175229983
1.6281240299319983
1.6161500475879986
1.6027276484959985
1.589209753497998
1.5784498330869985
1.5663376101249982
1.550905671883998
1.5360164272479981
1.5244033981009981
1.5123530862489984
1.4969583071959984
1.4861618071519986
1.4727816348669984
1.4621730986989987
1.4492807231619986
1.4360326609659984
1.425220313598998
1.4111296865819984
1.3966231415629982
1.3830359963139984
1.3704992984769986
1.3579894851969987
1.3459259438399986
1.3286534406169987
1.3156728733759986
1.3031627897239988
1.2905261624429987
1.2779230689429986
1.2674146741719985
1.250872469557999
1.2374309978639986
1.2246194856239987
1.2085667203499988
1.1965135061439987
1.1843417438809987
1.173800692480999
1.1598794594679986
1.1480496295009985
1.1346795562639986
1.121864397599999
1.1101723099229988
1.0989325733219988
1.084587006239999
1.0710469065169987
1.0581583364149987
1.0412754350099989
1.0283749052059992
1.015362982082999
1.001351249890999
0.9881450907119992
0.9750664707839991
0.964173949724999
0.951392083939999
0.936135492040999
0.920009431033999
0.9078794777189989
0.8940180438169989
0.8765830088399987
0.8630898589089989
0.849610992836999
0.8365531634869989
0.8234223879959988
0.810428919913999
0.798746199092999
0.7858849753199989
0.771075312706999
0.755493340834999
0.7383734433509991
0.7251423667939992
0.7127352998939991
0.6955382997979992
0.682844542265999
0.6698497732549992
0.656142106660999
0.642698711284999
0.6258278489499989
0.6093260272429988
0.5955556075759991
0.579053516236999
0.5672820468389991
0.552918789860999
0.5391264443239989
0.5254105686539989
0.511083862738999
0.49803849707399905
0.48528797748399904
0.46929261620099894
0.45399745373299905
0.44164230158499895
0.42457906861299904
0.41110250054099917
0.3993416504689991
0.3862612484209992
0.36965548935799913
0.3562720699179992
0.34474270243999916
0.3310085711899991
0.31297794965699915
0.2996170294299992
0.27885798038599924
0.2631781824379992
0.24966034416599917
0.2365661262099992
0.22011325601699916
0.20573686528199917
0.19141639704599916
0.17401559144899914
0.16128034611399922
0.14265605750399915
0.12432200004899918
0.10966853684099916
