2.9999999999999996
2.9806636711939998
2.9687708603439997
2.9579917553949993
2.9422633004390004
2.926371490879
2.914581614309
2.9016789448700004
2.8901890452209993
2.873308085241
2.8600925428879997
2.8470571803989992
2.836481297819999
2.8241096929979994
2.811040344825998
2.8008342530289987
2.7899725719569988
2.7769644147759984
2.765186135733998
2.7511915652009984
2.738802821631998
2.7245736081949983
2.707661701807998
2.695296422572998
2.681731578125998
2.6700638735519977
2.6588553986909975
2.6462029148559987
2.6349820538489976
2.620236628049999
2.6068426029659983
2.594843830972998
2.582920178251998
2.5679967603639975
2.5545168795649977
2.5418267756279977
2.5294117685919977
2.516775274797997
2.5051455571959975
2.4934976610529973
2.479800831029997
2.4649041639439973
2.452477771333997
2.440258809452997
2.4252185776919974
2.4106930463309975
2.397184519623997
2.3855192467919974
2.3749499570619976
2.3638220081369976
2.3509908019149974
2.3383255339299973
2.3267407069349977
2.311977681384997
2.298733158645997
2.2865514350579974
2.274484412899997
2.2597329301019973
2.2466702106049974
2.2338229037359967
2.2221062147339974
2.209984752526997
2.199228802468997
2.189331130304997
2.177231775165997
2.1648837299319976
2.1518810613689974
2.1370700177479973
2.124812296176997
2.113145976067997
2.097575053545997
2.084167612804997
2.0718818310589966
2.0590704371619966
2.0484996633949963
2.037760111339997
2.025843415249997
2.012355739685997
1.9979796196089967
1.9853812922739966
1.973056211244996
1.956507699658996
1.9422397127719961
1.930006947419996
1.917493918775996
1.905008529706996
1.893877757583996
1.8812169889729957
1.866243406117996
1.853012349638996
1.8400267209529957
1.829637498860996
1.8176879013359961
1.804978727849996
1.789556515409996
1.7760061453929963
1.763336557417996
1.749673445999996
1.7376765755679957
1.7262783572349962
1.7123710138429964
1.6983757670309967
1.6853524495189962
1.6721045516389963
1.6568803328619965
1.6450453502839961
1.6309239945649963
1.6178822675169964
1.606763047898996
1.5951617041889963
1.5837982173529963
1.5711731922399963
1.5596918072039962
1.5462518862819963
1.5318745023289957
1.5196464633909958
1.5039543821599959
1.4900807512749954
1.476984365461996
1.4636707220829956
1.450359823177996
1.439407716000996
1.426587199185996
1.413454300879996
1.3972207904889966
1.3844467959109963
1.369687487612996
1.3576324207359964
1.3423595998359967
1.3284976393699968
1.316206398151997
1.305476329477997
1.291740566167997
1.2786154383379968
1.265485904584997
1.252526948017997
1.2377403031869971
1.2236792382879969
1.2105380697779968
1.1938407120859966
1.1818926751559968
1.1679795636159969
1.1550685908239966
1.1415341962649967
1.1283535891229968
1.1164205506329967
1.1029022761029967
1.0916296119199969
1.0762707722069969
1.0624742812809969
1.050472785589997
1.032980162609997
1.018508316343997
1.0051502096379967
0.9897939415559971
0.9773078027999968
0.963631498919997
0.947866698119997
0.935645975238997
0.922727906380997
0.9090507770809971
0.8931295254129972
0.8757604237609972
0.8608669486859972
0.8475634706209971
0.8357903298659972
0.8242603025389971
0.8122904558699973
0.7963685525779971
0.7816738048669971
0.7691952913129971
0.7558406741329975
0.7408977371689973
0.7248790621759975
0.7120190944279974
0.6977266396539977
0.6854206177339975
0.6730497404209977
0.6615280119099977
0.6496016907189975
0.6350445849809977
0.6238359374509976
0.6088584089339977
0.5935031106949977
0.5763414129929975
0.5622138631989976
0.5482715944599975
0.5356332187229976
0.5219026339579976
0.5076306297649976
0.49539048948199754
0.4844017566269975
0.46982040296199756
0.45573760445099754
0.4388776649939975
0.42478066574699747
0.41037277141699746
0.3957957481139974
0.3821273669669976
0.36755485644699754
0.35186792682799767
0.33860191033399756
0.3256996177239976
0.3088176842919976
0.2972327803889975
0.28454892834599754
0.2647151600909976
0.2501542275129976
0.2347582641149976
0.21824743683999764
0.20190004366199762
0.1876572996429976
0.1696336618559976
0.1520278508889976
0.1370645700249976
0.1205035451379976
0.1032835260729976
0.08429152364999763
0.06797695705999764
