2.9999999999999996
2.9801088775989997
2.968061585304999
2.9529393977699994
2.9422229559089987
2.9299157543309993
2.917058424014999
2.9046255085429986
2.890520167731999
2.8746925388949984
2.862155389850998
2.850218573950998
2.839008850829998
2.826797591938998
2.814471779607998
2.803300347500998
2.7932485329929975
2.779644580012998
2.7681732693029977
2.755707830363997
2.743401035972997
2.7281949692819976
2.7142425041429967
2.702449728374997
2.6895028854969976
2.6773998829679972
2.666333253781998
2.6545593419609976
2.6410110404339977
2.6278724635889965
2.6154013932959965
2.600900589155997
2.586777889434997
2.5745323701099974
2.5616211109239972
2.5485785027669965
2.5377226355829965
2.5257625387379963
2.514594217196996
2.501464213845996
2.490163962673997
2.475926398881996
2.4624453814529965
2.449841399435996
2.434097509956996
2.420507938632996
2.4080171880099956
2.395083696280996
2.382676202331996
2.3708043197289963
2.359036240982996
2.3466741675519964
2.335655023109996
2.3219638709589963
2.308333220975997
2.2953758398499966
2.2795853175629963
2.265364046762996
2.2526190695779964
2.2385729629219964
2.2259908845549963
2.2146749729139965
2.201111035937996
2.187939295872996
2.175257541294996
2.1615275418999964
2.1492368001109967
2.133268973589996
2.1188107059949965
2.1061550268559963
2.095401130744996
2.0818508777939964
2.0687091924519962
2.0574822388989955
2.044893666023996
2.0324060953899963
2.0183016665359963
2.0043184202409967
1.992036890185997
1.974767436803997
1.9607667103949968
1.9489865958229968
1.935896148919997
1.9248098331039971
1.913592729444997
1.9025774328399976
1.8903648695499973
1.8773776337989971
1.8632604053679973
1.8499637318419975
1.8379096276439975
1.8229978718019977
1.8093973635889975
1.7969500329609978
1.7838978732719981
1.772060587437998
1.7592108808579983
1.7480934946849984
1.7353568897159983
1.7200307688289982
1.7083760280689984
1.692991685527998
1.6803641975949986
1.6647436114949983
1.6514532365009984
1.6391904690829981
1.628435961996998
1.6155002206559983
1.602457419882998
1.591550612739998
1.575320317633998
1.5612688514329982
1.5497747390039982
1.537429029293998
1.524234741383998
1.5081182519109981
1.495005309699998
1.4818701270399979
1.470662329345998
1.4574390417359981
1.4439461030099978
1.431395621119998
1.4205727799929981
1.4084668826399982
1.394611144052998
1.3822737325419985
1.3646409014499978
1.3508796551369977
1.3352072542259974
1.322178199384998
1.311096134211998
1.2982985870039978
1.285390051508998
1.271440209382998
1.2563736696169978
1.2440791996769978
1.2295645119829979
1.2148687323489977
1.196134311253998
1.1814854902379979
1.1686048523379977
1.1567241588299977
1.1441469536959976
1.130871169993998
1.118685233996998
1.1078277927819977
1.0937897594519979
1.0805395865529979
1.067694904545998
1.0531468362689977
1.0360050511649979
1.0229846630759976
1.0085947562419977
0.9952534292949977
0.9824288864749977
0.9689177687989977
0.9555729733609977
0.9417466068299977
0.9291582179489974
0.9135645242659975
0.8956963298159977
0.8839583336109974
0.8711134698999974
0.8532547381999973
0.8403865890269975
0.8268523515919973
0.8140027272649973
0.8007191169439973
0.7851482807649974
0.7717074512699974
0.7557106607689975
0.7363805664339976
0.7234306910389976
0.7106525741769977
0.6946383433339975
0.6823969936879976
0.6695745219719975
0.6571513353459975
0.6442117374129975
0.6289088860879976
0.6153916817389976
0.6037389487929976
0.5887965698709976
0.5710512688779976
0.5581801418509976
0.5386054953939977
0.5235049966409977
0.5101296429619977
0.4964962901169977
0.4815454314949976
0.47108427774999767
0.45767795788699756
0.4436018482039977
0.4247186457959977
0.41126637954399764
0.39569287578599766
0.38332760874599775
0.3681747898559977
0.35403316960499776
0.33953845638599783
0.32599862267299784
0.3083634280029979
0.29510360968699784
0.28204210008099784
0.2645995778579978
0.24947827891599775
0.23372968313499776
0.2217616906369977
0.21010967878499773
0.1958342926299977
0.1804310818989977
0.16178852041499772
0.14436389872599772
0.1257759843619977
0.1053229829789977
0.0794078214239977
