2.9999999999999996
2.9838817022
2.970656028618
2.9551576616269997
2.9397260152889997
2.924245442577999
2.9143193506809997
2.900225659969
2.887657241040999
2.875454003708999
2.860802034947998
2.8469356008549984
2.834988972506998
2.8207682841489983
2.8086530210359983
2.7838568173909977
2.7716457980079983
2.7603897895529976
2.7503991886829984
2.7324853641419984
2.720819149616998
2.707445793512998
2.678267983449997
2.669121315058997
2.6572375892039974
2.644175140277998
2.629576381375997
2.616570816131998
2.6057004766479968
2.594966879648997
2.583741950743997
2.571830958705997
2.562350358682997
2.5512625921219967
2.5428859416779965
2.5295093263479957
2.516871193027996
2.5036999007459966
2.492781259438997
2.4799417633949967
2.4525702854729956
2.4399962586099964
2.4285282637619967
2.400791195548996
2.3866994226159965
2.374558822155996
2.3620403288319967
2.3493174667239964
2.3387868497309965
2.3198473665569965
2.301366558128997
2.2893396937319963
2.2748245718609965
2.2589935538929966
2.2450072443949964
2.2249702726619964
2.210674748592996
2.1985929904949963
2.186344636944997
2.1658207470369963
2.154088748144996
2.1224345452899964
2.110214567257996
2.0941032977999967
2.0826620688699964
2.0526611701819957
2.0386544655949956
2.020159336427996
2.0075436202949963
1.9945799598859961
1.982957922266996
1.969835617967996
1.9562925164559963
1.931325656919996
1.9194680674369964
1.8962840937389962
1.8621175962779957
1.845850878315996
1.828113537050996
1.806935453322996
1.792596038247996
1.779600444673996
1.7540692739789958
1.7401162075039958
1.7287112597529959
1.7141313859109955
1.6986567622129953
1.6821357654019957
1.6675429925779959
1.6251919860729949
1.6116730941159947
1.600397175827995
1.5919310637779946
1.5764057153169948
1.563554392265995
1.5524433092259948
1.5238839001569948
1.5113628220609951
1.4963389343919948
1.481544176126995
1.4391382323779942
1.4239560682159944
1.4095267399179938
1.3961788374019937
1.3525152662109943
1.3292211413579946
1.310194098539994
1.2968276221079946
1.2834884674089944
1.2615505502029944
1.233092636099995
1.219835997935995
1.1999170071919947
1.1801283574349948
1.161952407264995
1.1467327464439947
1.1326389262179948
1.1176387638759948
1.0845889765009948
1.070754216692995
1.056824523774995
1.033282138796995
1.018040808167995
1.003392545769995
0.989842149834995
0.9605738132319952
0.946819649800995
0.9347185049489949
0.920425311634995
0.9049584804359949
0.889791481995995
0.878071387826995
0.8634770747139949
0.8382778918469951
0.8190631273969949
0.8073665876019951
0.7927669568499951
0.7775722692309952
0.7608319634419952
0.7398717019689951
0.7244198831059953
0.7109097722089951
0.6957867149859951
0.6801133733119951
0.6603464267419948
0.6329792901899948
0.6153759116689949
0.592782522519995
0.564635899277995
0.5497142544489949
0.5309052939699951
0.5176561693179951
0.472430471107995
0.43219647206899503
0.4044813100029951
0.3829791646309951
0.36872941469899506
0.344519549131995
0.31615018754799495
0.300216285606995
0.267814151808995
0.250392744419995
0.233144654235995
0.2134487430459951
0.19271814426599504
0.16079639977299506
0.1282483349949951
0.10830329494899511
