2.9999999999999996
2.989085230368
2.9749327281270004
2.9514206249940003
2.937170596873
2.9275697523399997
2.9164129515699995
2.9041278429290003
2.8905411942869996
2.879625959821
2.866004626921
2.8531304479450004
2.8416468613639996
2.8311518399009996
2.8194252405549993
2.807398300274999
2.7948893420219996
2.7802003851159993
2.7687045708039992
2.7564780261629998
2.7440480804889997
2.73100484701
2.71903878385
2.706623205815
2.684536458476
2.6703740412799997
2.658489879185
2.6465930630749996
2.6345628960719996
2.6217284596519996
2.610780822043999
2.599123507841999
2.5751985043099994
2.566680486976999
2.5559269994039986
2.5420172926959985
2.507508386475999
2.491151174979998
2.455533958702998
2.4402685019329975
2.428324594303998
2.4127566825009974
2.3987387097639976
2.3722181314859974
2.3526483540999976
2.3151256657109975
2.3024623449269974
2.2874351680409974
2.267214474123997
2.2525928320199973
2.238637346076998
2.213657568630998
2.1739464263699966
2.1600401739889974
2.130249896833997
2.118610743131997
2.0996594882349973
2.084267570875997
2.074494955283997
2.0638559342199967
2.046776243388997
2.022370649165997
1.9920887188609973
1.9687651606249972
1.9459026000099968
1.9300818871049967
1.8932956958369966
1.865390776488997
1.852541841608997
1.826605570035997
1.7960309855969976
1.776041584358997
1.765904879182997
1.750452584543997
1.724750237152997
1.711509986725997
1.6982024725619975
1.6771942700319977
1.6667663481829975
1.635851324849998
1.620783922217998
1.609082508625998
1.580233273320998
1.554703895666998
1.540626774485998
1.5259266371429978
1.5132811597729978
1.4902591242149972
1.4793607244559972
1.4616879374769975
1.4366399915239974
1.4181294016849975
1.4038476747209978
1.3910225800979978
1.3772508956419975
1.3600158838769976
1.3484303320949982
1.3224866888339981
1.3083938539459983
1.294270369506998
1.2689074943399983
1.2556161430609982
1.234761992092998
1.2240011960689983
1.2085614440879981
1.1880857911279983
1.1728003656559984
1.1462680732559984
1.1289092137559984
1.1148711059339986
1.0770119795149986
1.0623260360529987
1.0393911186409983
1.0133931141529984
0.997705441826998
0.9495834373939981
0.9251652385609983
0.9041702073799979
0.8817393890969981
0.8676403986679981
0.8492154841869981
0.8199161973579981
0.7824257544179982
0.7547559525109984
0.7171952042699986
0.6960085206459984
0.6701825736479983
0.6393888251949985
0.6260571324969986
0.5930045268469986
0.5738564097389985
0.5384461994719987
0.49888201307699864
0.48439698435399864
0.4646476946369986
0.4312844748819985
0.41369755960999866
0.3861355114179987
0.34994672196799864
0.3266776473889987
0.29945770848299863
0.27810352479899864
0.2509843181619987
0.21131587213099873
0.1794330771709988
