2.9999999999999996
2.9906307277209994
2.9725024147589996
2.9597233074459997
2.9420004519809995
2.9311153691229985
2.919649233944998
2.9081219791289987
2.8894648492719988
2.8806406876549993
2.868913440163999
2.857291714946998
2.8453335021229984
2.8305311333099983
2.816871068574998
2.800069738848998
2.7844319972969984
2.7670514795319976
2.7433379835619967
2.7313288945949967
2.718329140921997
2.691093953439996
2.678600485554996
2.657219209322996
2.646851102387996
2.630339501620996
2.6176449470309957
2.603703507353996
2.590379927086996
2.561163180401995
2.540089362541995
2.525990438952996
2.511883367016995
2.4986614528159943
2.485424325288995
2.4603382546369943
2.447996072932995
2.4208729787459946
2.405858888135995
2.3940157438469947
2.3816604433439945
2.3720217124899947
2.358924252820995
2.3250633290899945
2.3095579215549944
2.298774525015995
2.2879904702199947
2.270472182060995
2.2593230570759957
2.2414739698109947
2.230287187852995
2.2195855868459944
2.1972980035379943
2.1861172171839947
2.169589916465995
2.1578040954459947
2.144323671912995
2.1272979914669943
2.1130247827929947
2.1022898027289942
2.0898078124819945
2.0746929600809945
2.0624355097949945
2.041167148850994
2.0311435428239943
2.0159791375669944
2.0018524029489946
1.9889815580759949
1.9759614060089945
1.9619422120699945
1.9515913875129944
1.9389023809539943
1.9257047992099943
1.9157098501079945
1.9054610781569947
1.8880946745969949
1.8738920187559949
1.8596846042789954
1.8417912292879954
1.8157119349579958
1.8040817511469958
1.7797554735139958
1.7678371835109958
1.751160993008996
1.7358110657539956
1.709804105574996
1.693252702372996
1.6692483944779961
1.6561880016429962
1.6249073713379965
1.6094235932099965
1.5944680475339967
1.5793857522069965
1.5611225611249964
1.5458621608609964
1.5231126258069971
1.494503401217997
1.4840695641969968
1.4570532891449974
1.441551816319997
1.4169625643479973
1.399862209968997
1.3709932777089968
1.335019880492997
1.316723758784997
1.302068833930997
1.2801533415729969
1.2575853013209968
1.2435317168179971
1.2085728895589964
1.1927454343129968
1.1781500502679967
1.1686558701909968
1.1425263857809969
1.1242704247479967
1.0971742223549967
1.0844696575779968
1.054950844322997
1.023985214690997
1.0093306791909968
0.9851628717389972
0.962266675838997
0.9489327180959969
0.935326578896997
0.9173232948259971
0.8930025295469969
0.8792293984959969
0.865214583074997
0.8280327395059971
0.810334878343997
0.7942748138309969
0.7733840305569968
0.7612397687669966
0.7421924131429967
0.7289378468009967
0.7008922394469967
0.6796394136339969
0.6651908688459969
0.6314637733089972
0.6131579740019971
0.598662526771997
0.5858508791619971
0.570430877815997
0.5464526702839969
0.5295068696149969
0.5124858210009969
0.48921420903899693
0.46619409152399705
0.4272545664379969
0.4126342122649971
0.39208632246299713
0.37565098465899704
0.33738231623499704
0.321617388053997
0.30655144281399704
0.283272369531997
0.22979420172999704
0.21161845740799706
0.19377611177099707
0.15510670187399708
0.1372885164159971
0.1229451291039971
0.1085254560069971
