2.9999999999999996
2.990806215175
2.981791454395
2.964054424657
2.9527177542820002
2.943420060557
2.928002614119
2.9160262477499996
2.8997114715000003
2.8867634107819997
2.873063346591
2.8619480111880007
2.8510702101170007
2.8392209869030003
2.8288313179200006
2.8150724692430003
2.800936553195
2.7863195978630007
2.7744064398860004
2.7649077938290003
2.750421808049
2.737608075262
2.7271060452260008
2.710004761028
2.6873959774789995
2.6487290602360005
2.636111313879
2.6251361055
2.6081556792650002
2.5820276151510004
2.5671776601630003
2.555455753946
2.542627092585001
2.528038943807001
2.5151073100040002
2.5015096089740005
2.4917719573730004
2.4816488470210003
2.457696343216
2.4458745806069997
2.4278506111600002
2.413720274155
2.402389736777
2.3835959463970005
2.3647366808180004
2.3256024489090006
2.312870510456001
2.282000265039001
2.2689802216970008
2.2575981954940008
2.245467058185001
2.2287378833250004
2.216471976649001
2.192981326796001
2.1634053257050008
2.150546642465001
2.139646331828001
2.1297111024120006
2.102423886620001
2.0878537298130015
2.0738681256710008
2.0629527647600012
2.0371330091640014
2.0250936857500013
2.000846968152001
1.988547848754001
1.9754920109080012
1.965135154157001
1.9523130712220012
1.9351030818220007
1.9240091477170012
1.910733388300001
1.8975830037010006
1.8824396689840006
1.868960275085001
1.8450928057510005
1.833519062264001
1.8190131914790006
1.7971822360980005
1.7851665270990005
1.771545802164
1.757965136523
1.740634009086
1.7218558394399999
1.7091880114570002
1.6979797733220001
1.6876163453360002
1.666956140816
1.654963019166
1.638150650177
1.618818748618
1.6040425627259998
1.588689607219
1.5778178409799997
1.5665430647299998
1.5541038670539997
1.5369889511889998
1.5243548033739998
1.5033081447110002
1.4877453569330006
1.4696870231690002
1.4370261928690002
1.4169833371590004
1.3866597793269997
1.3493623206900003
1.325730347278
1.2946281785070004
1.2796306972280003
1.2662829090210006
1.2522429146470004
1.2214979985400005
1.2064975910120002
1.1961089685240003
1.1816065299870004
1.1533322872240002
1.1265829027770002
1.113768501957
1.1022213768660003
1.0797033619710001
1.068105411904
1.0481867544120003
1.0358138595750002
1.016059672421
0.993530649614
0.9791893159430002
0.9637089364869998
0.9499488518479998
0.9262359412300001
0.8898171106539999
0.87789316921
0.8624806681989999
0.8445020929640001
0.8268769346740001
0.814937026496
0.8013025389139999
0.7682137592149999
0.7531996209650001
0.729962530514
0.6987220625449999
0.665710859663
0.6325365252189998
0.6054375963709997
0.5883528835659997
0.5637211605399997
0.5210014209339997
0.4908951062199996
0.45592388762699965
0.44218073701099964
0.4196672894739997
0.3972044816349998
0.37177519359099964
0.33968715974499974
0.3038637478909996
0.28515287981499965
0.24292356118899963
0.2187645131359996
0.19781169536299958
0.17005350249399956
