2.9999999999999996
2.986288472113
2.9736721073239996
2.963912184401999
2.9503562337289995
2.9386328110339983
2.9242679111809995
2.907334434895999
2.889302006102999
2.877540188065998
2.8630675599089983
2.850337456369998
2.8360207078819983
2.819980266318998
2.8018317063269977
2.790591390286998
2.778110065635998
2.767188621726998
2.752807458354998
2.737981704962998
2.7213573949789978
2.7060974982079986
2.6747345431959997
2.6619772290379986
2.6487801337109986
2.6367580043129992
2.6236929911739986
2.6119191124819996
2.5971756338699987
2.583948544054999
2.566972242795999
2.5479647611019987
2.5363294240479988
2.5239824993659994
2.512251939456999
2.5029105421399986
2.4890719495439986
2.474759678164999
2.460557452813999
2.446002517474999
2.432698493161999
2.4201468209479993
2.3884457833329993
2.3778689807589988
2.3636127735869987
2.351694178394999
2.337916947974999
2.3199000057139987
2.3094812356339984
2.297070315091999
2.283488682123999
2.268832720280999
2.2506392226759986
2.2270583240229986
2.2132245438629985
2.200213852910999
2.1882489845839985
2.168968828930999
2.1416364924219984
2.1290986526529982
2.1152178164879984
2.1032151706379985
2.0915715110609985
2.065195824973998
2.049626160984998
2.0220904526939987
2.0135089842699987
1.995093459336999
1.9828762159919988
1.9574391324119986
1.9440496327179986
1.9265415017839986
1.8764802848389994
1.8667974717529994
1.841479036600999
1.8286368103799993
1.8170671060459995
1.8033238033209997
1.7780055687389997
1.7670912316569993
1.7509042076089998
1.7386670855809996
1.7250357433469996
1.7033764959739996
1.6836190809009992
1.6632100063889994
1.6338413256019992
1.6215369010539995
1.6110509294859994
1.5986870416579995
1.5815153399109994
1.5585684114709992
1.544626707370999
1.5311066373889992
1.5215264450829993
1.509169680171999
1.4819364648329993
1.464145999592999
1.4226621122859993
1.4017731949439998
1.3887659139719997
1.3755862346549996
1.3601867806329995
1.3440964261079997
1.3341124507589996
1.3136438527419996
1.2891694961959992
1.2752315456789995
1.2546972972419999
1.2345300389109997
1.218085108631
1.206646399043
1.1921484183680002
1.1596532446310002
1.147978718035
1.1316571447110002
1.116087209684
1.099964584124
1.0825893181330002
1.070890212506
1.0425236861640002
1.02928033439
1.0112183899040001
0.9942956007040004
0.9791154559010005
0.9550937548460002
0.9416598875200001
0.9139607250189999
0.899725046714
0.8868884507789999
0.8567056931920001
0.835133938838
0.81658743051
0.7819751210520001
0.738600104939
0.716019167147
0.6983840651860002
0.6592464178140002
0.6336321515570001
0.6198578314560003
0.5906787726290003
0.5664644808160003
0.5527776338090002
0.5400776785750003
0.5222038479700003
0.48991954707500024
0.4661512652090002
0.44616575439200035
0.4279601754250003
0.3960246064360003
0.3583346583220002
0.3252990162860002
0.28847438838900025
0.26300843482900027
0.24346030809300023
0.21228974502900022
0.17806624007400026
0.15277621844600023
0.12310381542200025
0.10442919815600024
0.08401493568600024
0.058753201245000254
