2.9999999999999996
2.9839175062409997
2.970837073894999
2.9597411952829997
2.945634129568
2.933362303932
2.9250386867620004
2.9114951280329997
2.902208661426
2.8928770202939997
2.8785137603570004
2.867031708456
2.8570147779329993
2.8422664909990005
2.8239077815299995
2.8104924990569997
2.793477370791999
2.781583879809999
2.7701638770999986
2.7572970860409987
2.7467538823179987
2.735661273084999
2.716826747539998
2.6959386377649985
2.6833796486009986
2.6718019127529993
2.6597208300879993
2.644976736816999
2.633703092377999
2.6184692968739984
2.603306092812999
2.5903596456469984
2.5771823565959986
2.5655088012299982
2.554947944203998
2.5420892997399984
2.5279519906879977
2.5154402035439984
2.503473143206998
2.4895165210499983
2.4783977687869982
2.4634611808879985
2.4493133421939977
2.436066129090998
2.4245292794819977
2.4090777373669985
2.396469839719998
2.3780565328319976
2.366171341609998
2.356689429565998
2.3349343468539985
2.3215303086189985
2.3102342804369984
2.2984030851369983
2.284014702211998
2.247315927929998
2.222908076473998
2.210782959611998
2.195659119578998
2.1831283238819976
2.155917558288998
2.1354176467969985
2.122798859880999
2.1126069363029982
2.097023635908999
2.0869751924109985
2.0729445821289985
2.056154341991998
2.0420195985109983
2.024961719755998
2.001627028761998
1.9691072675769985
1.9585409420269981
1.9432738100329978
1.9240479102399979
1.9100788591619977
1.8876246776039975
1.875467683185998
1.8639033006689978
1.8498304470119973
1.8388030089649972
1.8189264884229972
1.8022369229079975
1.7933554529479974
1.7750893175279974
1.7644225279099977
1.752724255129998
1.7245458870729977
1.711464753061998
1.694647308796998
1.681190689099998
1.6698120290759975
1.655414571192998
1.6346011431249978
1.620695029850998
1.6049701191399979
1.5927781165339978
1.564311923955998
1.550491265113998
1.5385361921069975
1.5257213704249981
1.510729732844999
1.4947243880629986
1.482288435882998
1.4684733540089983
1.4542036517729984
1.439489366488998
1.4112897429779983
1.3961231924219983
1.3834874374219983
1.3451526813309984
1.3273999503759986
1.3145664818999983
1.3005624186429983
1.288298910727998
1.276429779799998
1.2539439571229978
1.2403727966439977
1.2141744759139976
1.2033815458299981
1.1889102168209977
1.1689225606759979
1.155725865235998
1.1389788067549984
1.1023526860659982
1.0867172226879984
1.0768739013369981
1.0550576149319983
1.0418369521419986
1.0208087270939985
1.0038179529749984
0.9828061028309986
0.9532374970529987
0.9143275527129988
0.8946770904719985
0.8816880247109986
0.8662663100459985
0.8522737950189985
0.8311778701789986
0.8011282601039986
0.7881146933519985
0.7684014355419985
0.7498787747189983
0.7154112238399986
0.7024692550039985
0.6892954598559986
0.6747864049559986
0.6344798593889988
0.6101144337399986
0.5889374661319988
0.5636658907869987
0.5504000228669986
0.5370332292069986
0.5005729139309986
0.4711330321149987
0.4401532743629986
0.4149882532589986
0.39038199086899866
0.3757342031009986
0.3588842927399986
0.3421132618399985
0.29650745629999853
0.28284774567499865
0.2546565956639986
0.2091022982629986
0.18529637707399862
0.17244564360099865
0.14655790644399866
0.12549403434599865
