2.9999999999999996
2.984794591528
2.9723911698829997
2.9556697975569994
2.9424473346749997
2.928450043354
2.9159087092090004
2.9059302306680004
2.895203848621
2.8857471909799997
2.8712714309460003
2.855019016640001
2.8449769706700008
2.8316035230100005
2.8189693324730003
2.808152461134001
2.7910707525640004
2.77874629815
2.7558681310300006
2.7415531034990006
2.730013377911
2.7170616595250006
2.7017781244259997
2.6913204108770006
2.678107820712
2.6394110401660003
2.627167476161
2.6106338474799995
2.5990882874039993
2.585933917070999
2.572898448661
2.5553578135079995
2.5305449670229994
2.512073387924
2.4776404037559976
2.466282951696998
2.4278381847169985
2.4170932020689984
2.384429873000998
2.374764660445999
2.355355105883998
2.322697780715998
2.309174568244998
2.2800066651409985
2.2547947536059985
2.212816753559998
2.1987054074639976
2.188420783671998
2.1568419504689986
2.1356767296629986
2.1210340742239984
2.087991672687999
2.0689540624609983
2.0529693564709985
2.0380931818119983
2.0206318704579984
2.0095315098409983
1.9962307538359985
1.9834774715129984
1.9596454117189983
1.946140517608998
1.9295270460009986
1.9156953145529982
1.9030476153489984
1.8868055070449983
1.8507692047989976
1.8327122887129976
1.8084500899849978
1.7959817936119975
1.7719040111829971
1.744806815665998
1.716600147171998
1.7016465499669982
1.685268289707998
1.6647395702109984
1.6472622965359978
1.634609630224998
1.5993259432739988
1.5873781437539987
1.5705528536229987
1.5503370202259983
1.5365271845579984
1.5210493830799978
1.4651985563769976
1.4465462619809972
1.4343286361469976
1.406280239650998
1.3906161896709976
1.378399189204998
1.3608618432839978
1.3489707094179977
1.3331069106039977
1.3115135593489975
1.2972565638519973
1.2722902020629971
1.2539829193729974
1.2399164565179974
1.2155669661179975
1.2000929495629975
1.1841988343499976
1.1525876935549977
1.1305309572849975
1.1174394791689979
1.1056563219319977
1.0933687517959976
1.0817784470059977
1.0684736065759977
1.0529866417009976
1.0411897027769976
1.0252867014419977
1.0071854498429975
0.9898988075089975
0.9778814774349974
0.9658849626269975
0.9534946550969975
0.9228046996589974
0.8944766560949974
0.8661081570319976
0.8543493608609976
0.8399682749909975
0.8165692288109974
0.7852684884709974
0.7644654383709971
0.7281839852319972
0.7006039352769974
0.6794284079569975
0.6648948627949974
0.6444130133879975
0.6233121612209975
0.6053436687789973
0.5915808123999974
0.5766172251399974
0.5603285846169973
0.5445816499359972
0.5259875812349973
0.5131632004139973
0.4964582714099974
0.4702888937079973
0.4142205002149974
0.39888370648899746
0.37362470523799746
0.3620682080499975
0.3349238377489974
0.31823558219999754
0.2924839754869975
0.2782929483139975
0.2640682664329975
0.24983107148699749
0.21700404615099758
0.20029110103099748
0.1804718117049975
0.15487510058899753
