2.9999999999999996
2.9804156544949993
2.967187957447999
2.9536289213609983
2.940412849519999
2.924766051164999
2.915053632484999
2.9024437921529986
2.878312767643998
2.8662576126629977
2.8549519579009983
2.835319453138998
2.812703172614998
2.798599072555998
2.785473768432998
2.772521428850997
2.7589417173709974
2.7433762095749974
2.7291444008149974
2.7159128855009973
2.705462656192997
2.6920771910579977
2.6719106886089974
2.658668761973997
2.639930819804997
2.603480920391997
2.5753814236979973
2.5644688517519967
2.5404297197959975
2.523877287706996
2.512265809420997
2.498753218368997
2.4569722868599966
2.4405274451499968
2.4226962845259976
2.4099799346009982
2.392936956904998
2.3817251837899973
2.352148216279998
2.333068971658997
2.297405497633997
2.2579778513029978
2.2433776409149973
2.2307913551009975
2.1816893430719966
2.168652286027997
2.157129263223997
2.137223423130997
2.1243980453489972
2.0799617249049973
2.0608049507579973
2.026945243875998
2.009461523589998
1.9852385427319978
1.9639911829929977
1.9525567979979979
1.9271006162679982
1.8743154819719972
1.8613466009609971
1.833350188363997
1.8118464636929972
1.7859525386949973
1.7719542262929975
1.753749108310997
1.7237972107789974
1.7131419249449975
1.694321801004997
1.6773453086019972
1.658679704247998
1.6441527925969976
1.6333311279339977
1.6112370453209977
1.5974297195149978
1.5752191535349982
1.5604083108149978
1.5456481407889977
1.533461727196998
1.5160476196709982
1.4995952437919982
1.474422600202998
1.460996571091998
1.4463263773809982
1.4166548904489982
1.4046853076029981
1.3909721411829978
1.3760925375239985
1.3629387427099984
1.3402156871599982
1.3242685543209982
1.3122780590359981
1.2762231855989978
1.263773986376998
1.252737669294998
1.233353629949998
1.2214032565929984
1.2094172040409983
1.1717754922749983
1.1495863771319983
1.1359043441509984
1.1205285509389986
1.104901858423998
1.091648378109998
1.0754325979489983
1.0473940959859982
1.024338563695998
0.9784563999989979
0.964001009575998
0.942617568400998
0.9257418003189978
0.899872098543998
0.8816321611459981
0.8465529162849982
0.8074770658909981
0.7861822198669982
0.7653171583389982
0.7479405911349979
0.7359765162579982
0.7204465669629982
0.7062194291399984
0.6679881682419984
0.6540498407369985
0.6302677755909986
0.6060907573019985
0.5948076770389984
0.5778979580249984
0.5408044538549984
0.5121615204789984
0.48781877928699835
0.45385313093899843
0.42033944398999845
0.38374994317099853
0.35652269333999853
0.33993786902499856
0.32570430317799853
0.2959496149309987
0.27964464597599864
0.24141395452299869
0.20954861607599864
