2.9999999999999996
2.990684867862001
2.9777376442180006
2.967245413344001
2.9470908853069995
2.930723243292999
2.917899767028
2.907657824477999
2.890507163753
2.8782817536089995
2.862315508319999
2.848329892847999
2.8339067532379993
2.8213655102229995
2.810336054707999
2.800077081949999
2.7886286821649993
2.7543389949990003
2.742382981336
2.7156075762159992
2.691414794978999
2.6801063299269994
2.664972996074999
2.6566143420279995
2.637809710105999
2.625629021887999
2.6127209680699988
2.5964443699339985
2.5836522034209985
2.572705379102999
2.558987437947999
2.5469797404509986
2.534406995590999
2.515205829259999
2.502240222170998
2.4761280202159983
2.462068038169998
2.4496843653639986
2.434125521989998
2.401564891682998
2.3878348403599987
2.3742829461639983
2.3576265443469984
2.3433680266099985
2.329421840706998
2.3178886224489985
2.2991454689379984
2.270552713400998
2.258038722949998
2.2450758702609988
2.231360476295998
2.220090941582998
2.199196455760998
2.186952721705998
2.172511446365997
2.1581827830379976
2.1417086892279977
2.129905164152998
2.109024399925997
2.083970313299997
2.0499254213129974
2.037521839561997
2.024101993467997
2.010491457637997
1.9956512130159973
1.9822434630849972
1.9701819774509977
1.9557358753349976
1.9415724751449974
1.907505264389998
1.8743591799949983
1.8585161260649987
1.8463920462269987
1.8015393426709985
1.787380746408999
1.775243433297999
1.7618323635799986
1.7466989192889988
1.7289391854939986
1.6923963735979983
1.6725813701049985
1.6516313400539981
1.6268963790049977
1.6143800470029976
1.598036043340998
1.5843403615059977
1.5714917429459978
1.5530029633859974
1.516148982594997
1.5014324571499973
1.4894727177639973
1.4731031142899973
1.4426213378009978
1.426391465637998
1.415386880258998
1.4009532313469983
1.387733875334998
1.367486229096998
1.3564979911159982
1.3452604739609983
1.3359960951689984
1.3005847817719984
1.2904337443029983
1.2753865146339982
1.2612590093649982
1.2424814264329984
1.2261780277469982
1.2090292356619987
1.1839033972899986
1.1704265302829988
1.1524320813119986
1.1364426541739987
1.1116833462969988
1.0985649147379988
1.082228789339999
1.0642743815049989
1.0455319503289988
1.019857749479999
1.0041387137679987
0.9869109957019988
0.9733123819449988
0.947275928284999
0.9333977448299988
0.905699737201999
0.880678548057999
0.8667893721449988
0.8539036608949989
0.8306214387829989
0.8039475793539987
0.7841256906209989
0.7688976685909987
0.7475540562749989
0.7364431105239987
0.7245659215859989
0.6974871595779988
0.6649985660459988
0.6431524957959988
0.6261819422389988
0.6040234812339988
0.578950563700999
0.5634592149189989
0.5286242665619988
0.5134894745899988
0.4822104726249991
0.4558424461419991
0.43984121046299907
0.42747497649899907
0.40949164832799906
0.39152164130699907
0.35783100219999897
0.3224620225929989
0.30631057764699904
0.28796382599999903
0.2585396072269991
0.2426354654529991
0.2272206183649991
0.20170233217699912
0.1775132600739991
