2.9999999999999996
2.9868818886970003
2.9683624002870004
2.956705089719
2.946373792619
2.935310693707001
2.924996645258001
2.912037674413
2.8990645780570006
2.8875365552970007
2.8756456899200007
2.863983839345
2.852943368437
2.8215659529220005
2.809471266268001
2.7982925840490007
2.7854686137390012
2.762453948998
2.753679458293001
2.724189811698
2.7124507499499995
2.695184317811
2.6699079515989994
2.658527992311999
2.646247547695999
2.636295344912999
2.6227100572139994
2.5949679663779985
2.5666616152179986
2.5412425970939982
2.530083002868998
2.5006148964869985
2.4910978115959983
2.4675789343379977
2.4470095768609976
2.434253539294998
2.423470351898998
2.4098258402579975
2.395305456615998
2.3568137778999985
2.343275357681998
2.3162350003249976
2.303011548483998
2.2764323168969978
2.263518012939998
2.2497166912099975
2.219909418466998
2.1893629614649974
2.175172133511998
2.1599343370249975
2.146504739757998
2.110381783288998
2.0949538686669977
2.0606000844169983
2.025684654002998
2.014046690928998
2.0008411193659987
1.9883783458509985
1.9464762530819983
1.928612091314998
1.912673341719998
1.9002250962319982
1.8787098135429985
1.8598906678629987
1.8465106774759983
1.8320584165769982
1.8212638396869982
1.8065996704109981
1.787553747894998
1.7726479364389982
1.735031545622999
1.7176196602279992
1.705305369352999
1.6934565534169987
1.680868294322999
1.6672259665239986
1.6517940138469989
1.6361259181269985
1.6238957357909984
1.6116070673169982
1.5986402965449984
1.5794082315309985
1.5670542064949986
1.5518802513609986
1.5364859412109981
1.5236287338279986
1.5095734866659982
1.4958768179039983
1.4820447161329984
1.4692309611369982
1.4551718949159982
1.4367911523429984
1.4172689798849978
1.403347583997998
1.3896848432659976
1.3800114939419976
1.3539701033789973
1.3339434187899972
1.3209365379619973
1.2819731933669976
1.2530217120669973
1.2381888734449977
1.2143648638349978
1.2028984465289978
1.1831617824269978
1.1604953357559975
1.1443031526349974
1.1191199826089975
1.1061818716079974
1.0888192163299975
1.0745543702529974
1.0507412615429974
1.0215473256839975
1.0037778063069975
0.9902735004059976
0.9759468814769976
0.9594938332499976
0.9465870235889977
0.9342405668429976
0.9156975745569977
0.8928580002999976
0.8795920032139976
0.8664112062629977
0.8417953520349979
0.822241254898998
0.8029311222839979
0.7599238016659982
0.7424047680219982
0.7203958280009981
0.7053958389899981
0.6729815556239978
0.6556141657159977
0.6378869969009975
0.6154759855949977
0.5908340216179976
0.5700331861509976
0.5534321543779975
0.5375305122989976
0.5136028995689976
0.4942428903859976
0.47835371255099757
0.4548472916389976
0.43702166134599757
0.42617854993999754
0.4054406336569976
0.3872881129929976
0.36083620898399754
0.3462638162779975
0.3052812049519975
0.2891978735669974
0.2647072791589975
0.2426814684619975
0.2178262592919975
0.1886677654229975
