2.9999999999999996
2.982301485706
2.9659813944640003
2.934682491864
2.9005461177280014
2.8647460788610015
2.8285139221000017
2.7937977217830023
2.7484757780300026
2.7071911745270016
2.6731284388630017
2.616371185367003
2.575918609063003
2.538691984577002
2.491085874485003
2.4344372912540027
2.374971720499002
2.3340510313670024
2.282885530017002
2.2425810104380015
2.179171253030001
2.127899031305002
2.0614362128430024
2.0001633155840026
1.936772088107002
1.867281073927001
1.8167104559700014
1.7665217061350007
1.7054554917190006
1.6501052875839999
1.5839650765980002
1.5408533878789996
1.5002662318939999
1.4655381324849996
1.4161850677609995
1.3770150453729995
1.3093803763909988
1.2600297881649993
1.203204426897
