2.9999999999999996
2.9820080550569994
2.9654389391400002
2.934434586983
2.899532697924
2.864380879124999
2.8259431430229998
2.794233412452999
2.754116567999998
2.7006038336069973
2.664651044149998
2.603056344090998
2.5468197462709976
2.509207485565998
2.4579308278539984
2.421510886670999
2.3767957480589996
2.3435371432589998
2.2966706823849994
2.255043930981
2.2096307920949987
2.1529477999879987
2.106042698730999
2.0487800541439984
1.998381374228999
1.9499215050219987
1.8953158311859986
1.8391755163639987
1.7841580683619984
1.7317068803289988
1.6799322881999987
1.6231597300019986
1.5704712218429981
1.5221756873529988
1.4622304791649985
1.4182252474879986
1.3649096484239989
1.3156525736689988
1.2709092727849987
