2.9999999999999996
2.9816526703919997
2.965075306396
2.9347966813429993
2.900265047349999
2.8657351751429982
2.832993604223999
2.794991732577999
2.7533433057679995
2.7034311679759977
2.662381600748998
2.610859066841997
2.5624850901039964
2.5133568345759962
2.464170647900996
2.4254942774799964
2.3753134366029958
2.3243521238869955
2.265779339292996
2.215247347707997
2.1544005101549963
2.1033694905429963
2.0673499616039965
2.0066030481589965
1.944385950681997
1.9019745426379968
1.863806554969997
1.817574342641997
1.7584299231279963
1.6972096311769962
1.6429091227369963
1.5953537428339966
1.5426410223009968
1.4807044702349963
1.4235900688309966
1.3782489718759972
1.322599761537997
1.2595778538369966
1.2027108238999962
