2.9999999999999996
2.981967179117
2.9650356082069993
2.9342747408049994
2.899968014305
2.8637997258150008
2.829793826972
2.793361988004999
2.744675090749001
2.701303961905001
2.6552839738440004
2.5996830357910006
2.562305933013
2.4977468987020006
2.4395066742520006
2.38244119523
2.3399501966480005
2.2919848212350007
2.2288350978080014
2.1712029950470013
2.1274476666490014
2.076640476277001
2.042445236373002
1.9906746700080014
1.9495764221740015
1.8915617073070006
1.83953014605
1.7908456983600005
1.730452404954
1.67467467128
1.6117247741430003
1.5502063196390006
1.5035698173780003
1.4418482606020004
1.3752745999670006
1.3154126564270001
1.2781205767049997
1.2132500771950003
