2.9999999999999996
2.9821806072980004
2.9655671354960003
2.9341157411540006
2.899498150247
2.863737477603
2.830755869372
2.793143170055999
2.7485622703869996
2.707339062900998
2.6716670078499973
2.617956278383998
2.560671872463998
2.4983203658659985
2.4615842097789984
2.4221635002629975
2.378015373768998
2.317260050904997
2.2663162921139977
2.2269476432219975
2.1721262701169977
2.1109049849179966
2.055816458193997
2.017163524956996
1.9507269718289972
1.8885310789869973
1.8273096951909977
1.7842692873989976
1.7363217688299977
1.685574084569997
1.634801992130997
1.566531672773997
1.5136671515039968
1.4467972817869974
1.393412693801997
1.3256067340769973
1.2706241115869972
1.2261741940469972
1.1616894069009973
