2.9999999999999996
2.981839161061
2.965116638842999
2.9346455029
2.8999319499709997
2.8585115487469985
2.827203390746999
2.7843111093469988
2.7506862976059994
2.6988404156309977
2.642372491899998
2.5981150030579974
2.5428911192989965
2.5015000360519966
2.4466269027989966
2.393893147028996
2.3620371044649966
2.326952276258996
2.264650683768996
2.213845479251996
2.1708128084309957
2.1147053151179964
2.0641016982369966
2.008348181946997
1.9577648397979965
1.9012449414609969
1.8387433762279972
1.7785002193009978
1.7094666026469973
1.6387033745039976
1.5820948345409975
1.5268235968929975
1.4640244739979973
1.4089466060709974
1.3455932513239977
1.2915853504029975
1.2406253566569978
1.1941335093529977
1.1360058482799977
