2.9999999999999996
2.9820600510109996
2.9655144143599985
2.93418106627
2.8991110143619983
2.8626453332629986
2.8291460318779977
2.791681556222997
2.7413136839999943
2.6980896108569947
2.652649546603995
2.602701881602996
2.550502654608996
2.5011683500079966
2.4549511380559967
2.4060829136549957
2.365380836695996
2.329799560396996
2.2760495341749953
2.210931624466995
2.160115902015996
2.1012026136309956
2.057628552996995
1.994542201384995
1.9294450715779943
1.8812760669399942
1.8202783987229947
1.7523646289809942
1.6883257865949937
1.6477967859959939
1.5896490674489938
1.519378141553993
1.4703820830899932
1.4018475815419933
1.3633197498309935
1.3183727808999934
1.2598486931459927
1.2152402731589929
1.1758429953419927
