2.9999999999999996
2.9825735533979993
2.9659938434320003
2.9286983013519996
2.883280477908002
2.855645138928003
2.826357540880002
2.7804821399530013
2.742055032004002
2.6971947329100017
2.6464695613990017
2.591637379554001
2.5396663056830002
2.480477462827
2.4304391107579995
2.3904507480669985
2.3533373261199984
2.301856703556999
2.2532220071989983
2.201394535521997
2.152007077406997
2.104149584863997
2.056751870272998
2.0192259302879974
1.965461822448998
1.9064354277629976
1.8520318425859972
1.8045621924009974
1.7442102539959974
1.6863117082369978
1.6258506247559976
1.5706437702969978
1.5160415153319977
1.4573603587919977
1.4011481646069976
1.3469554747009977
1.281846256282998
1.2185664167169976
1.1649881303739975
