2.9999999999999996
2.9820242052840005
2.965537079942999
2.9343538362200006
2.8999537574890004
2.8649452132880002
2.831588218636
2.7938505213629994
2.7575775433629985
2.7051523086779987
2.6512445816459995
2.5977589070639997
2.561872966984999
2.507076041079999
2.458888370466999
2.4277676680239986
2.3751770988989986
2.312472679936999
2.2482600999109987
2.1977994214019985
2.1580550193299985
2.1276497148719984
2.077031319077999
2.0293234106149995
1.9674787619599996
1.913831273245999
1.8724619385829988
1.8157916923259987
1.7690822407949989
1.704464529064999
1.6433039276449992
1.602836711617
1.5379476393090004
1.4665846642399998
1.4270510277329997
1.3624580333069993
1.3242245604469995
1.2613632047949994
