2.9999999999999996
2.9826236530570003
2.9657759731269997
2.9311836067029997
2.8997005202199992
2.8679511839229996
2.8448973533169992
2.802496842352
2.755022898105999
2.7040493221919997
2.64814798468
2.5971810469970005
2.5435730386900013
2.4879464138859997
2.4401806599110007
2.3935520505919996
2.342990132223999
2.292888331841999
2.236874030891999
2.1870930367029984
2.140024423333999
2.091464381977999
2.0400646714229995
1.9773338886669998
1.9224976600559998
1.8685564449539995
1.8046702910549997
1.7619165855859993
1.7049537072689989
1.6534722957089991
1.605449654264999
1.5692507334239991
1.517631929230999
1.4631998992229986
1.4100605765889986
1.3514431086869987
1.2823359365039986
1.2147544284119989
1.161599985306999
1.104389689231999
