704.9089888955908
740.9240295671115
691.7569074948241
672.8584901328036
661.5840235485118
687.3897497557776
601.9920107273088
642.6821881116986
543.4717643560754
648.3586702691398
584.5097627562494
610.510723832847
576.5718217247512
627.9355573034636
609.0677277116605
539.6602528612522
565.5297401251399
577.4812775746208
588.2838185544033
667.1187265862504
665.63361496214
612.5441492582236
630.0063301791957
587.7246391066067
549.3580677691382
543.2453203103319
650.5204723765734
545.9786551982185
557.5970623832004
552.6379570302687
542.8677400932019
569.6812828476525
518.3834691631602
502.65977050165543
566.780187491212
511.8679646407578
518.963530888601
458.3164912560761
517.209705982138
500.05330911614533
524.1698636437322
558.9093808695293
473.17759084971857
555.2164936723648
532.5574029649592
452.9198460871884
494.6143126516064
489.64468038342113
487.64825211482076
505.64918277089504
536.4887542923922
482.3498122640315
522.3698230092674
493.12198775954994
556.8968055001283
443.0270243160442
502.08186316732855
511.83713757528255
492.1729692691904
484.3165815969173
544.3474367338216
511.46975881273414
454.6243648197226
512.145413110028
474.77422232130164
535.8198857849789
550.6778554536265
483.4535057159975
452.6233327131793
520.705610060882
439.64909592519183
506.25345702094637
540.66618955046
483.0122197096155
440.6138592667484
493.69790278263673
448.66170186746
443.8097015299611
447.9329697374237
455.33892483255454
431.5142674850441
432.4613259264218
457.0967686980161
493.91548948512235
456.0903738912664
491.94734449772966
479.1262278176533
416.77033443579717
487.55359445340224
432.7841486097304
444.4520153371043
404.33786057048314
466.94074695896137
440.63633076019414
544.4928052743597
406.05012813520773
443.84694539254366
476.93708593990755
422.9790520867089
449.0207480797262
448.94247596518875
410.4511732941462
420.69654790830117
514.5936813088266
503.4307464275453
468.48257721626527
418.2171715843928
436.93579912939015
460.00351501265163
454.79884997655085
467.74977589891694
449.74763964734467
416.99525385404365
409.1806981431181
474.7582050781682
404.831596740261
402.73432759339744
417.057913105101
400.344714049294
394.3229224670256
423.27864318908007
421.1188169883839
404.6534029421631
412.7460020921916
412.26623304272414
411.36675373005204
406.38848232610945
473.08284490414854
402.6276207131085
429.67791161125143
425.4045785907731
422.6940537808528
404.4701896989805
454.3621190179946
430.94220275022496
403.2140901653465
400.8923882780923
404.7568391776334
397.65049464898897
416.459926699156
397.17155451198516
411.14549538988666
397.50219962702135
402.7099559128428
417.01884387115933
431.2634599340197
398.24776039460005
394.28548261178895
412.38026429712414
392.12583347159097
425.2856553621041
384.36659095545184
407.9197024554028
413.5990761093272
432.1626959223756
392.6861059366767
414.206320248967
443.07552755957005
400.5063432724893
418.8737711374284
467.9880564582042
400.1812950374114
402.8509294590018
435.85769447650847
409.95835032873345
413.4079939777604
433.9202489115767
399.178090915175
388.5046311804813
402.3521312344738
403.78814492343946
399.35111247657994
421.4206944403266
412.5521408174132
376.1202734124884
410.7107112422267
388.66330674014336
393.4393772731796
394.2570635476357
382.827763660876
424.11706932421276
461.37235606880586
379.13260600778676
439.45370803112166
421.50341031665874
395.888437565054
422.12503483774816
381.601486371327
397.91768462213247
405.33916193842146
377.8422327951516
383.5198893103488
386.9023819198505
398.5221389847805
415.76603251654456
391.9071737068648
386.3108998042131
372.2737272172352
386.11136376174085
384.56931404790305
370.11443489919674
372.2667414517461
371.5785757522343
383.28069945499306
368.9592282260578
381.8164942641029
403.6211958108568
367.8810314000562
398.46301716620735
392.7941885617344
379.4847993398063
371.79123601596876
382.9383816200071
384.41437286077246
397.59712454767924
395.8995714469888
419.0556366940955
393.80344703765064
383.48335547037385
384.85345663014147
387.4868116827393
406.4164864139399
384.40812844061395
389.20405181249663
377.5618555110119
385.49118776562125
368.9233824121345
391.36545034557014
363.7527357416596
381.60423845570733
364.9325469411013
418.9484470030092
382.6987573047435
393.6123760696407
377.47603367724633
334.87975752776174
377.2008843552312
366.98566206849904
370.69777113786364
351.2393525382631
361.7956628002939
357.1091632952419
340.62811466439234
375.78742023624704
377.3898128180052
355.6315380923063
355.6315380923063
357.72870848170663
332.5299730927948
351.9455830185765
332.9496137225331
366.254544033282
397.4092636905357
389.25638638534025
392.90842134879523
344.8137543127627
363.33546318229736
386.6158496443953
400.704689457258
392.85834558570303
391.84122877969025
336.6135353935792
341.8294257619737
413.6727039764435
392.0563543136155
408.67478556360453
352.927311433603
335.56107258172085
415.626631925412
297.79639087077584
340.46477017527354
392.14089577678084
359.8803801010552
400.0958153580945
418.59265791551695
418.59265791551695
301.7723146721389
300.1924853504694
344.6014915407436
364.10888662869917
353.57593499257246
390.58887927281984
397.5011676876677
388.54032284716914
402.88520460663494
359.9265477153403
374.16192298297693
401.83283863918547
336.9282064240042
393.42157112345086
380.15356393501685
340.68245924408694
371.3294313298313
298.1775278696779
298.1775278696779
350.3411948079455
343.4765464711219
294.6992129003046
355.08260228090484
403.8835570595179
425.62984969330194
417.23226295959114
341.55725562333635
341.55725562333623
396.0131117968458
362.661516445534
339.86713332122565
334.7994348895473
337.45366346205395
404.0107004448375
334.7994348895473
334.7994348895473
340.48652683802044
374.19107228829216
390.6264242857235
374.1910722882922
387.49540313052614
392.1019717151797
386.48228764417297
380.64313738844
375.3475852781947
370.3534731774932
375.3475852781947
375.34758527819463
355.93108147783374
394.4702490476295
357.1312991986092
342.0819732692031
340.71923538098133
400.7044990889766
340.48652683802055
373.43181259612743
336.6143022215247
341.31786904988684
297.6995856047522
383.0782733481705
357.7412374975221
412.9716141048124
381.9716871814729
297.37036532101814
368.09276811478804
329.69233649575546
293.9220278137267
338.898931445975
333.3725757021642
337.47987562608154
296.0495638778993
310.6731361385227
347.1597699163325
343.15319386064715
335.6705313192748
371.81250291602834
335.3783952271988
339.19233716068675
360.47947698274623
330.7579927465063
325.17467004612166
325.1746700461217
320.53165922030786
325.1746700461217
381.67876765529206
338.0388787611614
455.1784783126354
445.879612148045
295.98418134166906
295.43467572692265
369.61870196236254
319.9856861314222
300.1121773050501
299.6835138698479
295.5758221954836
391.27520575093257
400.34397307281046
356.29319019977913
359.374612939759
334.76429625917575
296.1029107027635
360.393534438032
293.12117216932205
353.40131029179526
294.33729347971956
291.84393355185256
350.52513470528174
356.8651473656455
382.72446657813003
350.87156067699743
316.2000655034377
384.742193265061
367.5178442652779
296.9029911514465
378.2929069481582
373.2487415572091
295.7813348802972
346.0211732885994
294.70426151491984
294.7685423167609
334.3847185008384
375.7307438209351
297.7109486868544
297.7109486868544
297.7109486868544
291.77431832795344
291.37859450016464
297.666847076484
298.1429887319146
299.2294342977424
289.17398908318853
289.17398908318853
298.0524788806958
289.17398908318853
293.8831372711413
288.685933771538
286.7407146148754
286.7407146148754
330.3073987700152
298.01252743966853
287.6167451328748
294.2867048984699
329.06294060756994
298.40913137880085
296.5850935367191
292.7803359823575
288.61758854721495
290.0348759784874
297.55802691587513
290.4051301853384
298.2521663436089
331.7792273504072
292.6849782365203
288.61758854721484
287.9222361679241
290.9839599359631
289.9441778950984
288.14160750570153
292.0057341712461
297.01908689698087
295.34103207247745
334.6426941410392
297.99521696945504
289.5216800659446
334.11332366408976
366.12213700047266
332.4737405194604
375.15167800945164
378.2628389333401
378.2628389333401
296.9034585861634
292.25967506442225
292.2596750644223
292.2596750644223
292.2596750644223
368.0333176258602
292.25967506442237
292.25967506442237
339.5486144578412
383.78339206357214
333.3139821166709
331.7749505515478
371.14017468366325
361.18725645186294
387.75215537743134
294.5754594603288
291.38733071674034
296.37500527674894
296.3750052767489
297.190658851064
290.09936551611037
298.63500039571164
289.375899399973
296.4077634074662
296.4077634074662
297.66335686039787
299.3777108023779
297.6633568603978
298.4003945762791
298.6350003957118
294.84599825389023
290.09936551611037
288.12982169955677
290.09936551611037
298.6350003957118
295.3340535655407
294.33376791121367
330.45517575597313
294.46583342434434
294.8632181152018
291.11181475368187
301.7519185146013
296.801285889607
373.1132908111019
402.7316454617696
325.63356393736535
292.1317657629917
297.5683240016554
294.7250060310946
294.7250060310946
288.3652572159502
289.9146974029357
289.9146974029357
289.9146974029357
289.9146974029357
289.9146974029357
289.9146974029357
289.9146974029357
289.9146974029357
289.9146974029357
290.1800997047911
288.7181282982844
288.7181282982844
297.20393789640553
297.20393789640565
287.3746234170034
290.50093493218196
297.3719528091671
297.37195280916717
295.90626167105165
297.371952809167
297.371952809167
341.07677890957325
326.7484853017175
325.168655980048
292.03067093800473
292.03067093800473
292.03067093800473
294.80167445882506
294.80167445882506
288.2609317096256
297.32529762172453
295.3160978373065
328.4642839385936
290.00690727298127
366.00501245575094
367.7017336459284
329.37598119986103
299.6951613909021
290.10519402932147
299.2488481647092
330.2963601762723
296.36453142638396
300.25941038918677
300.25941038918677
358.1162191449785
343.1280287041122
290.7969879023948
372.9021337265984
292.3974967082976
295.6643600800612
336.1203205462089
336.1203205462089
296.94345944280144
357.5627468712195
294.50230600988914
299.5396129000416
351.64449352974424
351.62427159682954
329.6577486367604
298.93758173678674
294.7707125664035
417.98328436295407
438.7935534146746
509.5958199032259
331.5249148097317
296.49384006252905
329.88984044268716
338.3796827154326
298.62433602214236
300.13049513908373
351.00350749096884
294.5800808875686
362.3873205811619
292.7669944936053
347.00126382384553
299.70813933457555
297.8542421534206
299.70813933457555
292.2002687731472
364.8960833692015
364.8960833692015
290.86028089051416
288.01315860270057
288.01315860270057
288.8039358593225
288.80393585932256
288.80393585932256
325.6062816920098
288.80393585932245
288.80393585932245
288.80393585932245
288.80393585932256
289.0760666411142
353.6970363305334
291.3924473714844
368.5840666633093
300.70889515538903
298.0268088845572
291.3924473714845
353.9779217304878
350.60483748932756
291.3924473714845
291.3924473714845
291.39244737148454
291.3924473714845
291.39244737148437
292.96711182142303
292.96711182142303
292.96711182142303
292.96711182142315
352.17950193926634
295.4266289481007
352.1795019392661
336.6597262021452
346.02423343884476
295.35394892045514
290.37860030926106
292.7654374082933
292.7654374082933
292.7654374082933
292.7654374082932
289.0760666411142
295.35394892045514
295.3539489204552
298.9625833560725
299.37173314138005
326.5795744041537
295.3539489204552
291.3327247376152
291.3327247376152
301.75191851460136
300.4473657634324
298.37916984003783
288.79301238755636
288.79301238755636
298.34377426734073
296.9286246733629
289.0760666411143
289.0760666411142
289.07606664111427
289.07606664111427
289.07606664111427
291.6001692322097
290.7506291432094
289.07606664111427
289.0760666411143
297.8901751357548
289.21148520772573
291.935433572072
291.935433572072
291.935433572072
291.935433572072
330.7774350084641
291.935433572072
290.2834127732064
291.93543357207204
288.6175885472149
289.23086732776176
289.23086732776176
289.21148520772556
360.8544505993893
286.0297771832729
289.2114852077256
300.29489491441757
330.0393045336197
330.94270515133445
330.9427051513345
293.8590177815892
330.841230109856
296.3021100368783
298.59410314492544
327.17562959330235
293.9505694856384
296.48508213825016
328.0770182142101
385.64127076689465
293.84683227881845
296.904499729914
293.14224687503
370.8540264711129
479.0259438143402
409.561304689248
475.1959785216825
503.28508986698216
297.15795649207934
403.1659151365242
468.91784510599797
399.24748382395796
296.46869927064245
298.47643096778694
299.5633016615121
298.47643096778694
296.46869927064245
296.3839510049186
297.15095586238215
299.14319723598936
291.8134919589819
293.4641056203538
293.8751772883201
291.23624016444506
293.2580280821531
293.7783733630126
296.2210054224558
290.72987201407955
292.52543913284086
350.029850597929
295.2829358456375
327.2732583427521
291.58232764968227
291.6072721109248
291.58232764968227
292.8960987466054
292.8960987466054
300.3576278367027
293.8590177815892
291.58232764968227
293.8590177815891
293.8590177815891
293.8590177815891
347.151389738276
347.151389738276
293.8590177815891
293.8590177815891
293.22073606346527
351.45009474898495
297.9622775837143
293.8590177815891
293.2207360634653
353.51569604949424
294.7898308762877
293.22073606346527
347.15138973827595
342.87601013883653
290.76607936661543
290.56342909388945
294.6060450238565
290.56342909388945
292.525439132841
333.41695930264075
296.9857724518847
515.0768879247805
299.6265547887468
296.22306775065294
334.70834000305115
407.2035160918046
295.9106010023933
296.16844359769846
335.8641499789951
365.7207989851052
313.89676382808364
293.4593199876898
295.49560093465703
336.83200905095026
290.59950102188026
296.18867335488056
296.05342133554836
294.4718070680165
287.29616293449874
291.19504021092587
292.9242770588915
334.77176524462504
293.4881616462422
299.058380588445
297.88708009172467
297.88708009172456
294.7069190778324
299.28357793198506
298.44958149163455
358.1139134749737
293.48816164624225
294.3426505200092
294.3426505200092
294.3426505200092
293.8545952083587
370.9631876692397
289.7790292276154
289.7790292276154
330.5321647369008
295.2610424224922
294.65547710814747
290.9310921048158
290.93262295191676
294.95773546229213
295.72054918398
292.4762598616151
297.8039591022441
291.9117642989997
291.91176429899974
345.0989048158206
297.80395910224405
291.93543357207204
291.2942180281976
297.80395910224405
345.46891228320527
292.71395091726646
295.7205491839801
294.9718804187442
295.7205491839801
292.4762598616151
290.61863554910593
290.61863554910593
332.90676615331137
294.6554771081474
294.6554771081474
291.963948720565
299.05838058844506
297.45632853828073
297.4563285382806
297.4563285382808
297.4563285382808
290.6078245080708
288.14160750570153
288.14160750570153
286.4942373582625
299.7634665419015
287.1767943744556
299.76346654190144
296.3921610433837
298.2070618376488
298.20706183764884
298.20706183764884
288.250915237354
295.3856088844804
407.03277614037097
293.4521186337696
384.8323214811076
292.3227477820814
293.22073606346527
290.618635549106
291.2777383790813
291.93276837403283
295.2610424224921
291.94671263010883
291.94671263010883
291.27773837908126
291.78116909422454
295.99055460786525
410.82248869701993
297.87225692235785
291.94671263010895
291.86261827510356
295.5422743510912
299.8507737408698
299.8507737408698
296.83377068725207
298.0527538185913
298.0527538185914
296.25255024916146
291.6385865584158
296.2532912987801
296.2532912987801
292.71395091726646
293.35895350732955
291.11960852270045
291.6385865584158
380.1464123752701
293.6579615650639
333.48172867788736
298.0527538185914
298.0527538185914
298.0527538185914
288.9767854273607
294.6554771081474
289.15791155987813
294.6554771081474
298.0527538185914
298.05275381859127
291.42316663085194
291.42316663085194
290.46875259400315
291.42316663085194
288.00161155142365
315.87514739147014
296.1394012486953
296.1394012486953
296.1394012486953
289.4463910486777
298.9889652899334
296.1394012486953
295.3374756724591
295.3374756724591
291.78116909422454
298.0527538185914
364.95839955131623
298.2078738698081
294.64397440727265
329.9935797308722
329.9935797308723
329.9935797308723
300.33355608869743
335.2106252659537
335.2106252659537
335.2106252659537
298.1826536985498
335.21062526595375
296.91645755894416
301.85662315723374
299.72103015202254
299.72103015202254
299.72103015202254
295.30880008413476
293.4593199876899
294.7032347697899
296.68111927161095
293.45931998768987
296.68111927161095
296.68111927161095
296.68111927161095
296.68111927161095
300.58800084759866
297.3077613597424
297.3077613597424
298.2070618376487
298.2070618376487
298.2070618376487
298.2070618376487
293.7688396595499
293.7688396595499
292.0312808109437
298.72600935708164
292.0312808109437
298.4834888653552
296.8096932044568
296.8096932044568
293.7604551970743
288.9508055320026
288.9508055320027
288.95080553200256
289.70488109171214
288.95080553200256
288.95080553200256
288.9508055320026
288.9508055320026
300.8931763078659
288.9508055320026
288.9508055320026
288.9508055320026
288.9508055320026
293.7604551970743
296.56649235776104
294.1445530754302
294.7176088265723
293.1800320395031
288.9508055320027
288.9508055320027
293.28447300641983
288.9508055320026
292.94535916695884
293.2844730064198
293.28447300641983
287.6627991518388
293.2844730064198
288.9508055320026
289.70488109171214
293.2844730064198
292.9453591669589
292.9453591669589
292.945359166959
292.9453591669589
289.7048810917122
289.7048810917122
289.7048810917122
289.7048810917122
329.85295042462474
289.7048810917122
289.7048810917122
289.7048810917122
288.9508055320026
288.9508055320026
288.9508055320026
288.9508055320027
288.9508055320027
298.7875639012442
288.9508055320027
288.9508055320026
288.9508055320026
288.9508055320026
288.9508055320026
288.9508055320027
288.9508055320027
288.9508055320027
288.9508055320027
288.9508055320027
288.9508055320027
288.9508055320027
288.9508055320026
288.95080553200273
288.9508055320026
288.9508055320026
290.2131411604427
288.9508055320026
288.9508055320026
293.28447300641983
290.2131411604427
293.76045519707424
293.76045519707424
293.76045519707424
290.2131411604427
290.2131411604427
290.2131411604427
290.2131411604427
290.2131411604427
290.2131411604427
290.2131411604427
290.2131411604427
290.2131411604427
290.2131411604427
297.24695763984323
297.24695763984323
297.24695763984323
290.2131411604427
290.2131411604427
297.24695763984323
329.8529504246246
290.2131411604427
290.2131411604427
293.57539266035013
293.57539266035013
329.8529504246246
290.2131411604427
290.2131411604427
290.2131411604427
290.2131411604427
290.2131411604427
290.2131411604427
290.2131411604427
290.2131411604427
290.2131411604427
293.5753926603502
295.1752196700544
295.1752196700544
295.1752196700544
290.2131411604429
293.57539266035
293.89595255492276
293.57539266035
293.57539266035
293.57539266035
293.5753926603501
293.12667244612095
293.57539266035013
295.88889621795096
293.12667244612095
293.57539266035013
293.57539266035013
293.57539266035013
293.57539266035013
293.57539266035013
292.03810844579726
293.5753926603501
293.57539266035013
295.1752196700544
293.5753926603502
294.5712825564481
294.5712825564481
294.5712825564481
361.71554526163607
292.03810844579726
293.76045519707424
345.1006757306018
345.1006757306017
349.95881834468736
356.5431126084164
290.4538330415048
293.76045519707424
293.76045519707424
293.76045519707424
293.76045519707424
297.9861670657075
293.7604551970743
293.7604551970743
293.7604551970743
293.76045519707424
349.11857674747677
293.7604551970743
293.7604551970743
293.7604551970743
289.5798673622087
293.76045519707424
293.76045519707424
293.76045519707435
293.7604551970743
293.7604551970743
293.7604551970743
294.1445530754302
294.4163960476146
292.03810844579715
288.9508055320027
290.6419884994378
288.9508055320027
294.41639604761474
292.03810844579715
292.03810844579715
297.75500883203057
293.76045519707435
293.76045519707435
295.2121863588882
293.7604551970743
296.56649235776104
295.83166725490634
295.1517573724149
289.80439006100454
288.9508055320026
343.4228188438856
288.9508055320027
288.9508055320026
289.3901305353937
288.9508055320027
288.9508055320027
289.3901305353937
289.8043900610045
289.8043900610045
291.7611393828663
289.8043900610045
290.21314116044283
290.2131411604428
289.39013053539384
290.2131411604428
404.82674221753666
290.2131411604428
290.2131411604428
291.503869112636
291.5038691126359
291.503869112636
291.503869112636
291.5038691126359
291.5038691126359
289.1121908634751
291.5038691126359
291.5038691126359
291.98001076806656
289.11726436026225
289.11726436026225
291.5038691126359
291.503869112636
294.2858227808589
289.1121908634751
289.11726436026225
288.95080553200256
292.96584803381893
350.3226085698587
293.76045519707435
289.5798673622085
293.28447300641994
289.5798673622085
289.5798673622085
288.9508055320026
289.5798673622086
331.4969920779728
288.95080553200256
288.9508055320027
288.95080553200256
289.57986736220863
289.5798673622086
293.7604551970742
288.9508055320026
345.1006757306018
345.1006757306018
345.1006757306018
345.1006757306018
288.96414846379395
290.0722512919869
291.744146607158
293.7604551970743
291.7441466071579
297.0934348280943
297.0934348280943
290.2131411604427
290.2131411604427
290.2131411604427
290.21314116044283
290.2131411604427
351.60285999803557
346.820534210708
290.2131411604427
290.2131411604427
293.57539266035
293.57539266035
290.21314116044283
290.21314116044283
290.2131411604427
290.2131411604427
291.503869112636
291.503869112636
290.2131411604427
290.2131411604427
290.2131411604427
345.1006757306018
345.1006757306019
345.1006757306019
290.2131411604427
290.2131411604427
290.2131411604427
290.2131411604428
290.2131411604427
289.3901305353937
290.2131411604427
289.3901305353938
290.2131411604427
289.3901305353938
289.3901305353938
289.3901305353938
289.3901305353938
289.3901305353938
290.38602043149183
289.3901305353937
289.3901305353938
289.3901305353937
289.3901305353937
289.3901305353937
289.3901305353937
289.3901305353937
289.3901305353937
289.3901305353937
289.3901305353937
289.3901305353937
289.3901305353937
289.3901305353937
289.3901305353937
289.3901305353937
289.3901305353937
289.39013053539367
289.8043900610046
289.3901305353937
290.2954715725055
290.21314116044266
295.22421944001076
291.76363448401474
290.29547157250545
290.2131411604427
350.98419520793357
290.29547157250545
292.82801656860477
290.29547157250545
290.21314116044266
290.21314116044266
290.21314116044266
290.21314116044266
290.21314116044266
290.21314116044266
290.21314116044266
290.21314116044266
290.21314116044266
290.502805933535
294.0652886358842
294.0652886358842
294.0652886358842
294.0652886358842
294.0652886358842
294.0652886358842
294.0652886358842
294.0652886358842
294.0652886358842
294.06528863588414
294.06528863588414
293.9199572802731
328.21925373025806
294.06528863588414
294.06528863588426
294.06528863588426
293.9485031338409
294.06528863588426
293.9485031338409
293.9485031338409
293.9485031338409
293.9485031338409
357.68012798887224
291.13987304970607
291.13987304970607
291.13987304970607
291.13987304970607
291.13987304970607
291.13987304970607
291.13987304970607
291.13987304970607
291.13987304970607
291.13987304970607
291.13987304970607
291.13987304970607
291.13987304970607
294.75771169376185
297.80395910224405
291.73325041696773
291.1398730497061
291.40248059391195
291.13987304970595
293.948503133841
293.9485031338409
293.94850313384103
293.94850313384103
293.948503133841
293.948503133841
293.948503133841
293.94850313384103
293.94850313384103
293.94850313384103
293.94850313384103
293.948503133841
293.9485031338409
293.94850313384103
293.948503133841
332.1286336637791
293.948503133841
291.139873049706
293.94850313384103
291.139873049706
291.139873049706
291.139873049706
291.139873049706
291.139873049706
291.139873049706
291.139873049706
293.948503133841
293.9485031338409
298.6922860745216
293.9485031338409
293.948503133841
293.9485031338409
294.23468218726896
291.7332504169678
291.7332504169678
290.38602043149183
290.38602043149183
290.38602043149183
290.38602043149183
290.38602043149183
290.38602043149183
290.50280593353506
290.50280593353506
290.5028059335351
290.5028059335351
290.5028059335351
291.25665855174935
291.25665855174935
291.25665855174935
291.25665855174935
291.25665855174935
291.25665855174924
294.06528863588426
294.06528863588426
291.25665855174924
291.84504177505636
291.13987304970607
291.13987304970607
293.9485031338409
294.23468218726896
290.38602043149183
290.38602043149183
289.3901305353939
289.3901305353939
289.3901305353939
289.3901305353939
289.3901305353939
289.3901305353939
289.3901305353939
289.3901305353939
289.3901305353939
289.3901305353939
289.3901305353939
289.3901305353939
289.3901305353939
289.3901305353939
289.3901305353939
289.3901305353939
289.39013053539384
289.39013053539384
289.39013053539384
289.3901305353939
289.39013053539384
289.39013053539384
289.39013053539384
289.39013053539384
289.3901305353939
289.3901305353939
289.3901305353939
289.3901305353939
290.22299490202005
289.3901305353939
290.21314116044283
289.3901305353939
289.3901305353939
289.39013053539384
289.39013053539384
289.3901305353939
290.10620939997693
290.10620939997693
290.1062093999768
290.1062093999768
290.1062093999768
289.3901305353938
289.39013053539384
289.3901305353938
289.3901305353938
290.2131411604428
290.2131411604428
290.2131411604428
290.2131411604428
290.2131411604428
290.21314116044283
290.50280593353506
290.50280593353506
290.50280593353506
290.50280593353506
290.50280593353506
290.50280593353506
290.50280593353506
290.5028059335351
290.50280593353506
290.21314116044283
290.2131411604429
290.2131411604429
290.21314116044283
290.2131411604429
290.5028059335351
290.50280593353506
290.2131411604429
290.2131411604428
290.50280593353506
290.2229949020201
290.2131411604429
290.2131411604429
290.2229949020201
290.2229949020202
290.2229949020202
290.2131411604428
290.2229949020202
290.2229949020202
290.2131411604428
290.2131411604428
291.25665855174924
360.66566545315357
294.06528863588414
290.50280593353506
290.2131411604428
290.2131411604428
290.50280593353506
290.21314116044283
290.50280593353506
291.25665855174935
290.2131411604428
290.21314116044283
290.2131411604428
290.21314116044283
290.21314116044283
290.21314116044283
290.21314116044283
294.0652886358842
290.21314116044283
290.21314116044283
290.21314116044283
290.21314116044283
290.2131411604429
290.2131411604429
290.22299490202005
290.22299490202005
290.2131411604429
290.2131411604429
294.3514676893122
290.50280593353506
290.2131411604428
290.2131411604428
290.2131411604428
294.06528863588414
294.06528863588414
290.2131411604428
290.2131411604428
290.2131411604428
290.50280593353506
290.2131411604428
290.2131411604428
290.2131411604428
290.5028059335351
294.06528863588414
291.23667960487614
294.06528863588426
293.948503133841
292.9207653397201
289.3901305353937
289.3901305353937
338.13160773585287
290.1062093999769
291.7282562730132
293.948503133841
293.948503133841
293.94850313384103
293.94850313384103
293.948503133841
293.94850313384103
293.94850313384103
294.06528863588426
291.2566585517493
291.2566585517493
291.2566585517493
291.2566585517493
291.2566585517493
291.25665855174924
291.2566585517493
291.25665855174924
291.25665855174924
291.25665855174924
291.25665855174924
291.25665855174924
291.25665855174924
291.25665855174924
291.25665855174924
291.25665855174924
291.25665855174924
291.25665855174924
291.25665855174924
291.2566585517493
291.2566585517493
291.139873049706
291.139873049706
291.2566585517493
291.2566585517493
291.25665855174935
291.13987304970607
291.25665855174935
291.13987304970607
338.73749974919303
338.73749974919303
338.73749974919303
289.3901305353938
338.73749974919303
289.3901305353938
289.3901305353938
289.3901305353937
290.2131411604428
289.3901305353939
289.3901305353939
289.3901305353939
289.3901305353938
293.948503133841
293.948503133841
293.948503133841
293.948503133841
293.948503133841
293.948503133841
293.948503133841
293.948503133841
291.1398730497061
291.1398730497061
291.1398730497061
291.1398730497061
290.106209399977
291.1398730497061
291.1398730497061
291.1398730497061
291.1398730497061
290.106209399977
290.106209399977
290.106209399977
293.948503133841
293.948503133841
293.948503133841
293.948503133841
291.1398730497061
291.1398730497061
291.1398730497061
291.1398730497061
291.25665855174935
291.2566585517493
291.1398730497061
291.1398730497061
291.1398730497061
291.1398730497061
291.1398730497061
291.1398730497061
291.1398730497061
291.1398730497061
291.1398730497061
291.1398730497061
291.13987304970607
291.1398730497061
291.1398730497061
291.1398730497061
291.13987304970607
291.1398730497061
291.1398730497061
291.1398730497061
291.2566585517493
291.1398730497061
291.1398730497061
291.13987304970607
291.13987304970607
291.1398730497061
291.13987304970607
291.13987304970607
291.13987304970607
291.1398730497061
291.13987304970607
291.13987304970595
291.13987304970595
291.1398730497061
291.13987304970595
293.9485031338409
293.948503133841
293.948503133841
293.948503133841
293.948503133841
294.0652886358842
293.948503133841
293.948503133841
293.948503133841
293.948503133841
293.948503133841
293.948503133841
293.948503133841
293.948503133841
293.9485031338409
293.9485031338409
293.9485031338409
293.9485031338409
293.9485031338409
293.9485031338409
289.3901305353937
293.9485031338409
293.948503133841
290.106209399977
293.948503133841
293.948503133841
293.948503133841
293.948503133841
293.948503133841
289.3901305353937
290.106209399977
294.06528863588414
290.22299490202016
290.22299490202016
290.22299490202016
290.22299490202016
290.22299490202016
294.06528863588414
294.06528863588414
294.06528863588414
290.106209399977
290.22299490202016
290.106209399977
294.06528863588414
294.06528863588414
294.06528863588414
294.06528863588414
294.06528863588414
294.06528863588414
294.06528863588414
294.06528863588414
294.06528863588414
294.06528863588414
294.35146768931213
290.22299490202016
290.22299490202016
290.22299490202016
294.06528863588414
294.06528863588414
290.22299490202016
290.22299490202016
290.22299490202016
290.22299490202016
290.22299490202016
290.22299490202016
290.22299490202016
292.6736258558649
290.22299490202016
290.22299490202016
289.3901305353937
294.06528863588414
293.948503133841
293.94850313384103
294.06528863588426
294.06528863588414
289.3901305353937
385.8948697613418
343.03950512964957
293.94850313384103
294.0652886358842
294.0652886358842
294.0652886358841
294.0652886358842
293.94850313384103
293.94850313384103
293.94850313384103
294.234682187269
289.3901305353938
289.3901305353938
289.3901305353938
289.3901305353938
289.3901305353938
289.3901305353938
289.3901305353938
289.3901305353938
289.3901305353938
290.106209399977
290.106209399977
290.106209399977
289.3901305353937
289.3901305353937
289.3901305353938
289.3901305353937
289.3901305353937
289.3901305353938
289.3901305353937
289.3901305353938
289.3901305353938
289.3901305353938
289.3901305353938
289.3901305353938
289.3901305353938
289.3901305353938
289.3901305353938
289.3901305353938
289.3901305353938
289.3901305353938
290.22299490202016
290.2131411604428
290.2131411604428
289.3901305353938
289.3901305353938
290.2131411604428
290.2131411604428
294.0652886358842
294.0652886358842
294.0652886358842
294.0652886358842
294.0652886358842
294.0652886358842
294.0652886358842
294.0652886358842
294.0652886358841
293.948503133841
293.948503133841
293.948503133841
293.948503133841
293.948503133841
293.948503133841
293.948503133841
293.948503133841
293.948503133841
293.948503133841
291.13987304970607
293.948503133841
293.948503133841
293.948503133841
291.13987304970607
291.13987304970607
293.948503133841
293.948503133841
293.948503133841
291.1398730497061
291.1398730497061
291.1398730497061
293.948503133841
291.1398730497061
289.39013053539384
289.39013053539384
289.3901305353938
289.3901305353937
292.55684035382166
290.10620939997693
292.55684035382166
290.10620939997693
290.106209399977
290.1062093999771
289.3901305353938
290.1062093999771
290.1062093999771
290.1062093999771
290.1062093999771
290.10620939997693
290.10620939997693
292.55684035382166
292.55684035382166
292.55684035382166
297.5335063783906
302.66565649401707
289.3901305353938
289.39013053539384
289.3901305353937
294.23468218726896
289.3901305353937
293.948503133841
293.9485031338409
293.948503133841
293.94850313384103
294.0652886358841
291.1927858709173
291.1927858709175
291.1927858709173
291.1927858709173
291.1927858709173
291.1927858709173
291.1927858709173
291.1927858709175
291.1927858709173
291.1927858709173
291.1927858709173
291.1927858709175
291.19278587091736
291.19278587091736
291.1927858709173
291.1927858709174
291.19278587091736
291.19278587091736
291.19278587091736
291.1927858709174
291.19278587091736
291.1927858709174
291.1927858709174
291.1927858709174
294.2875950084804
291.1927858709174
291.1927858709175
291.1927858709174
291.1927858709174
291.1927858709174
291.19278587091736
291.1927858709174
291.1927858709174
291.1927858709174
288.9508055320026
288.9508055320026
288.9508055320026
288.9508055320026
288.9508055320026
288.9508055320027
288.9508055320026
288.9508055320026
288.9508055320026
288.9508055320026
288.9508055320026
288.9508055320026
288.9508055320026
288.9508055320026
288.9508055320027
288.9508055320026
288.9508055320026
288.9508055320026
288.9508055320026
288.9508055320026
288.9508055320026
288.9508055320026
289.3901305353937
289.3901305353937
289.3901305353937
288.9508055320027
288.9508055320027
288.9508055320026
288.9508055320026
288.9508055320026
288.9508055320026
288.9508055320026
288.9508055320026
288.9508055320026
288.9508055320026
288.9508055320026
288.9508055320026
288.9508055320026
288.9508055320026
288.9508055320026
288.9508055320026
288.9508055320026
288.9508055320026
288.9508055320026
288.9508055320026
288.9508055320026
288.9508055320026
288.9508055320026
288.9508055320026
288.9508055320026
288.9508055320026
288.9508055320026
288.9508055320026
288.9508055320026
364.87073582792846
288.9508055320026
288.9508055320026
288.9508055320027
288.9508055320027
288.9508055320026
288.9508055320027
288.9508055320026
288.9508055320026
288.9508055320026
288.9508055320026
288.9508055320026
288.9508055320026
288.9508055320026
288.9508055320026
288.9508055320026
288.9508055320026
288.9508055320026
288.9508055320026
288.9508055320026
288.9508055320026
288.9508055320026
288.9508055320027
288.9508055320027
288.9508055320026
288.9508055320026
374.02931496161784
374.02931496161784
288.9508055320026
288.9508055320026
364.87073582792846
288.9508055320026
288.9508055320026
288.9508055320026
288.9508055320026
288.9508055320027
288.9508055320027
288.9508055320027
288.9508055320027
288.9508055320027
288.9508055320027
288.9508055320027
288.9508055320027
288.9508055320027
324.40758471345254
288.9508055320026
288.9508055320026
364.4123392338493
324.40758471345254
416.26301607589903
416.26301607589903
294.0807900556887
291.63015910184413
289.07606664111427
289.07606664111427
289.07606664111427
291.6301591018441
289.07606664111427
289.07606664111427
291.6301591018441
291.6301591018441
288.9508055320026
364.4123392338493
288.9508055320027
288.9508055320027
288.9508055320027
288.9508055320027
288.9508055320027
288.9508055320027
288.9508055320027
288.9508055320027
288.9508055320027
291.78116909422454
291.1927858709174
292.6638227515732
292.6638227515732
292.6638227515732
291.19278587091736
291.1927858709174
291.1927858709174
291.1927858709174
291.1927858709174
288.9508055320026
288.9508055320027
288.9508055320027
288.9508055320027
288.9508055320026
288.9508055320026
288.9508055320026
288.9508055320026
288.9508055320026
288.9508055320026
288.9508055320026
288.9508055320026
288.9508055320027
288.9508055320027
288.9508055320027
288.9508055320027
288.9508055320027
288.9508055320026
288.9508055320026
288.9508055320026
288.9508055320026
288.9508055320027
288.9508055320027
288.9508055320026
288.9508055320027
288.9508055320027
288.9508055320026
288.9508055320026
288.9508055320027
288.9508055320026
291.78116909422454
292.85689265888817
288.9508055320027
288.9508055320026
288.9508055320026
291.78116909422454
289.0760666411142
291.1927858709174
291.78116909422454
292.70316082936915
347.875254519638
288.9508055320026
291.78116909422454
291.78116909422454
292.70316082936915
288.9508055320026
292.6097531750329
288.9508055320026
294.0807900556887
294.0807900556887
294.0807900556887
294.0807900556887
294.08079005568874
294.0807900556887
292.6097531750329
288.9508055320026
288.9508055320026
288.9508055320026
288.9508055320026
288.9508055320026
292.6638227515732
291.1927858709174
291.1927858709174
289.07606664111427
289.07606664111427
289.07606664111427
292.66382275157315
289.0760666411143
289.07606664111427
289.07606664111427
293.5497725796667
293.5497725796667
293.5497725796667
289.07606664111427
289.07606664111427
289.07606664111427
368.02860188121844
289.07606664111427
289.07606664111427
289.07606664111427
289.07606664111427
289.07606664111427
360.2598859438055
360.2598859438055
360.2598859438055
360.86545125815024
360.86545125815024
289.07606664111444
289.0760666411142
289.07606664111427
341.226026234532
341.226026234532
341.226026234532
341.7140815461825
341.7140815461824
340.5991601818303
294.28759500848025
294.2875950084803
288.9508055320027
288.9508055320027
288.9508055320027
289.07606664111427
288.9508055320027
289.07606664111427
288.9508055320026
288.9508055320026
288.9508055320026
288.9508055320027
290.4389332527031
294.2875950084803
288.9508055320027
288.9508055320026
288.9508055320026
288.9508055320027
288.9508055320027
288.9508055320027
291.78116909422454
288.9508055320027
289.0760666411143
289.0760666411143
289.0760666411143
289.0760666411143
289.0760666411143
289.0760666411143
291.78116909422454
289.0760666411143
289.0760666411143
345.2708182134681
289.0760666411143
289.0760666411143
289.0760666411143
289.0760666411143
289.0760666411143
289.07606664111427
289.0760666411143
289.0760666411143
289.0760666411143
289.0760666411143
289.0760666411143
289.0760666411143
289.0760666411143
289.0760666411143
289.0760666411143
289.0760666411143
289.0760666411143
289.0760666411143
289.0760666411144
289.0760666411143
289.0760666411143
289.0760666411143
289.0760666411144
289.0760666411143
289.0760666411143
289.0760666411143
289.0760666411143
289.0760666411143
289.0760666411143
289.0760666411143
289.0760666411143
289.0760666411144
289.0760666411143
289.0760666411143
289.0760666411143
289.0760666411143
289.0760666411143
289.0760666411143
289.0760666411143
289.0760666411143
289.0760666411143
289.0760666411143
289.0760666411143
289.0760666411143
289.0760666411143
289.0760666411143
289.0760666411143
288.9508055320027
288.9508055320027
288.9508055320027
288.9508055320027
288.9508055320027
288.9508055320027
288.9508055320027
288.9508055320027
288.9508055320027
288.9508055320027
288.9508055320027
288.9508055320027
288.9508055320027
289.0760666411143
288.9508055320027
288.9508055320027
288.9508055320027
288.9508055320027
288.9508055320027
288.9508055320027
288.9508055320027
288.9508055320027
288.9508055320027
288.9508055320027
288.9508055320027
288.9508055320027
288.9508055320027
288.9508055320027
288.9508055320027
288.9508055320027
288.9508055320027
288.9508055320027
288.9508055320027
288.9508055320027
288.9508055320027
288.9508055320027
288.9508055320027
288.9508055320027
288.9508055320027
288.9508055320027
288.9508055320027
288.9508055320027
288.9508055320027
288.9508055320027
288.9508055320027
288.9508055320027
288.9508055320027
288.9508055320027
288.9508055320027
288.9508055320027
288.9508055320027
288.9508055320027
288.9508055320027
288.9508055320027
288.9508055320027
288.9508055320027
288.9508055320027
288.9508055320027
288.9508055320027
288.9508055320027
337.58901402698115
331.95461846978446
288.9508055320027
288.9508055320027
288.9508055320027
288.9508055320027
288.9508055320027
288.9508055320027
288.9508055320027
288.9508055320027
288.9508055320027
288.9508055320027
288.9508055320027
288.9508055320027
288.9508055320027
288.9508055320027
288.9508055320027
288.9508055320027
288.9508055320027
288.9508055320027
288.9508055320027
288.9508055320027
288.9508055320027
288.9508055320027
288.9508055320027
288.9508055320027
288.9508055320027
288.9508055320027
